A2-B0-C2-f701-r598 70759007 6 3801 3800
A2-B0-C2-f701-r1132 70810805 6 3801 3800
A2-B0-C2-f701-r203 70720692 6 3797 3800
A2-B0-C2-f701-r1050 70802851 6 3808 3800
A2-B0-C2-f701-r949 70793054 6 3813 3800
A2-B0-C2-f701-r1161 70813618 6 3786 3800
A2-B0-C2-f701-r12 70702165 6 4001 4000
A2-B0-C2-f701-r48 70705657 6 3999 4000
A2-B0-C2-f701-r73 70708082 6 4001 4000
A2-B0-C2-f701-r470 70746591 6 3999 4000
A2-B0-C2-f701-r954 70793539 6 3999 4000
A2-B0-C2-f701-r732 70772005 6 3997 4000
A2-B0-C2-f701-r52 70706045 6 4202 4200
A2-B0-C2-f701-r822 70780735 6 4203 4200
A2-B0-C2-f701-r190 70719431 6 4205 4200
A2-B0-C2-f701-r68 70707597 6 4206 4200
A2-B0-C2-f701-r7 70701680 6 4189 4200
A2-B0-C2-f701-r1176 70815073 6 4188 4200
A2-B0-C2-f701-r75 70708276 7 3798 3800
A2-B0-C2-f701-r1119 70809544 7 3807 3800
A2-B0-C2-f701-r964 70794509 7 3822 3800
A2-B0-C2-f701-r1181 70815558 7 3845 3800
A2-B0-C2-f701-r343 70734272 7 3851 3800
A2-B0-C2-f701-r976 70795673 7 3749 3800
A2-B0-C2-f701-r157 70716230 7 4003 4000
A2-B0-C2-f701-r1179 70815364 7 3993 4000
A2-B0-C2-f701-r352 70735145 7 3985 4000
A2-B0-C2-f701-r463 70745912 7 4020 4000
A2-B0-C2-f701-r875 70785876 7 4027 4000
A2-B0-C2-f701-r368 70736697 7 4051 4000
A2-B0-C2-f701-r454 70745039 7 4184 4200
A2-B0-C2-f701-r991 70797128 7 4178 4200
A2-B0-C2-f701-r336 70733593 7 4168 4200
A2-B0-C2-f701-r894 70787719 7 4232 4200
A2-B0-C2-f701-r308 70730877 7 4167 4200
A2-B0-C2-f701-r141 70714678 7 4162 4200
