clave,rule_id,seed,lote,T_objetivo,var_solap,var_disp,pico_solap,pico_disp,d_pico,abs_d_pico,d_pico_cv,d_pico_max_med,d_pico_p99_med,frac_aristas_en_triangulo_solap,frac_aristas_en_triangulo_disp,d_frac_aristas_en_triangulo,tri_por_arista_media_solap,tri_por_arista_media_disp,d_tri_por_arista_media,frac_aristas_multi_tri_solap,frac_aristas_multi_tri_disp,d_frac_aristas_multi_tri,gini_tri_nodo_solap,gini_tri_nodo_disp,d_gini_tri_nodo,tri_por_arista_max_solap,tri_por_arista_max_disp,d_tri_por_arista_max,clustering_local_solap,clustering_local_disp,d_clustering_local,modularidad_tri_solap,modularidad_tri_disp,d_modularidad_tri,carpeta_solap,carpeta_disp,rango_abs_d_pico
A2-B0-C2-batch3-r0_s471829,A2-B0-C2-batch3-r0,471829,471828,55,solap1,disp2,11.777244086555386,11.817875928366744,-0.040631841811357816,0.040631841811357816,-0.06482522420626369,-83.31634441571026,-6.13591710995297,0.03552859618717504,0.07149046793760831,-0.03596187175043327,2.0121951219512195,1.0,1.0121951219512195,0.7439024390243902,0.0,0.7439024390243902,0.9817363636363636,0.9175,0.06423636363636365,3.0,1.0,2.0,0.01991666666666667,0.03216666666666666,-0.012249999999999994,0.035388128925386494,0.07123698859216228,-0.035848859666775784,/Users/alexis/phantom_cs073/bateria_fase8_f803_mismo_pico/A2-B0-C2-batch3-r0_s471829_f803_solap1,/Users/alexis/phantom_cs073/bateria_fase8_f803_mismo_pico/A2-B0-C2-batch3-r0_s471829_f803_disp2,0
A2-B0-C2-batch3-r0_s471829,A2-B0-C2-batch3-r0,471829,471828,55,solap0,disp1,11.299893695648535,11.381124063384798,-0.08123036773626247,0.08123036773626247,0.034663566093959375,-32.44404752378421,3.931843634469999,0.033362218370883885,0.07149046793760831,-0.03812824956672443,2.142857142857143,1.0,1.1428571428571428,0.7792207792207793,0.0,0.7792207792207793,0.9830272727272727,0.9175,0.06552727272727277,3.0,1.0,2.0,0.01908333333333333,0.033833333333333326,-0.014749999999999996,0.03322944794535772,0.07123994530365335,-0.038010497358295633,/Users/alexis/phantom_cs073/bateria_fase8_f803_mismo_pico/A2-B0-C2-batch3-r0_s471829_f803_solap0,/Users/alexis/phantom_cs073/bateria_fase8_f803_mismo_pico/A2-B0-C2-batch3-r0_s471829_f803_disp1,1
A2-B0-C2-batch3-r0_s471829,A2-B0-C2-batch3-r0,471829,471828,55,solap2,disp0,10.547021109736326,10.742162024332204,-0.19514091459587846,0.19514091459587846,0.1135671981137305,195.18004556161065,-1.895323747546854,0.036395147313691506,0.07149046793760831,-0.035095320623916806,1.9285714285714286,1.0,0.9285714285714286,0.6904761904761905,0.0,0.6904761904761905,0.9812592592592593,0.9175,0.0637592592592593,3.0,1.0,2.0,0.0205,0.03441666666666667,-0.013916666666666671,0.036254163800690235,0.07123910052894158,-0.03498493672825135,/Users/alexis/phantom_cs073/bateria_fase8_f803_mismo_pico/A2-B0-C2-batch3-r0_s471829_f803_solap2,/Users/alexis/phantom_cs073/bateria_fase8_f803_mismo_pico/A2-B0-C2-batch3-r0_s471829_f803_disp0,2
A2-B0-C2-batch3-r0_s471829,A2-B0-C2-batch3-r0,471829,471828,55,solap1,disp1,11.777244086555386,11.381124063384798,0.3961200231705888,0.3961200231705888,-0.019182240442924048,-46.73483606747516,12.832547968869846,0.03552859618717504,0.07149046793760831,-0.03596187175043327,2.0121951219512195,1.0,1.0121951219512195,0.7439024390243902,0.0,0.7439024390243902,0.9817363636363636,0.9175,0.06423636363636365,3.0,1.0,2.0,0.01991666666666667,0.033833333333333326,-0.013916666666666657,0.035388128925386494,0.07123994530365335,-0.03585181637826686,/Users/alexis/phantom_cs073/bateria_fase8_f803_mismo_pico/A2-B0-C2-batch3-r0_s471829_f803_solap1,/Users/alexis/phantom_cs073/bateria_fase8_f803_mismo_pico/A2-B0-C2-batch3-r0_s471829_f803_disp1,3
A2-B0-C2-batch3-r0_s471829,A2-B0-C2-batch3-r0,471829,471828,55,solap0,disp2,11.299893695648535,11.817875928366744,-0.5179822327182091,0.5179822327182091,-0.010979417669380265,-69.02555587201931,-15.036621444352818,0.033362218370883885,0.07149046793760831,-0.03812824956672443,2.142857142857143,1.0,1.1428571428571428,0.7792207792207793,0.0,0.7792207792207793,0.9830272727272727,0.9175,0.06552727272727277,3.0,1.0,2.0,0.01908333333333333,0.03216666666666666,-0.013083333333333332,0.03322944794535772,0.07123698859216228,-0.03800754064680456,/Users/alexis/phantom_cs073/bateria_fase8_f803_mismo_pico/A2-B0-C2-batch3-r0_s471829_f803_solap0,/Users/alexis/phantom_cs073/bateria_fase8_f803_mismo_pico/A2-B0-C2-batch3-r0_s471829_f803_disp2,4
A2-B0-C2-batch3-r0_s471829,A2-B0-C2-batch3-r0,471829,471828,55,solap0,disp0,11.299893695648535,10.742162024332204,0.557731671316331,0.557731671316331,0.016769994225157348,-65.8323603464084,-7.743127629626997,0.033362218370883885,0.07149046793760831,-0.03812824956672443,2.142857142857143,1.0,1.1428571428571428,0.7792207792207793,0.0,0.7792207792207793,0.9830272727272727,0.9175,0.06552727272727277,3.0,1.0,2.0,0.01908333333333333,0.03441666666666667,-0.015333333333333341,0.03322944794535772,0.07123910052894158,-0.03800965258358387,/Users/alexis/phantom_cs073/bateria_fase8_f803_mismo_pico/A2-B0-C2-batch3-r0_s471829_f803_solap0,/Users/alexis/phantom_cs073/bateria_fase8_f803_mismo_pico/A2-B0-C2-batch3-r0_s471829_f803_disp0,5
A2-B0-C2-batch3-r0_s471829,A2-B0-C2-batch3-r0,471829,471828,55,solap2,disp1,10.547021109736326,11.381124063384798,-0.8341029536484719,0.8341029536484719,0.13146076998253253,228.56835838423484,9.779647516550142,0.036395147313691506,0.07149046793760831,-0.035095320623916806,1.9285714285714286,1.0,0.9285714285714286,0.6904761904761905,0.0,0.6904761904761905,0.9812592592592593,0.9175,0.0637592592592593,3.0,1.0,2.0,0.0205,0.033833333333333326,-0.013333333333333326,0.036254163800690235,0.07123994530365335,-0.034985781502963116,/Users/alexis/phantom_cs073/bateria_fase8_f803_mismo_pico/A2-B0-C2-batch3-r0_s471829_f803_solap2,/Users/alexis/phantom_cs073/bateria_fase8_f803_mismo_pico/A2-B0-C2-batch3-r0_s471829_f803_disp1,6
A2-B0-C2-batch3-r0_s471829,A2-B0-C2-batch3-r0,471829,471828,55,solap1,disp0,11.777244086555386,10.742162024332204,1.0350820622231822,1.0350820622231822,-0.037075812311726075,-80.12314889009934,1.1575767047728505,0.03552859618717504,0.07149046793760831,-0.03596187175043327,2.0121951219512195,1.0,1.0121951219512195,0.7439024390243902,0.0,0.7439024390243902,0.9817363636363636,0.9175,0.06423636363636365,3.0,1.0,2.0,0.01991666666666667,0.03441666666666667,-0.014500000000000002,0.035388128925386494,0.07123910052894158,-0.03585097160355509,/Users/alexis/phantom_cs073/bateria_fase8_f803_mismo_pico/A2-B0-C2-batch3-r0_s471829_f803_solap1,/Users/alexis/phantom_cs073/bateria_fase8_f803_mismo_pico/A2-B0-C2-batch3-r0_s471829_f803_disp0,7
A2-B0-C2-batch3-r0_s471829,A2-B0-C2-batch3-r0,471829,471828,55,solap2,disp2,10.547021109736326,11.817875928366744,-1.2708548186304185,1.2708548186304185,0.0858177862191929,191.98685003599974,-9.188817562272675,0.036395147313691506,0.07149046793760831,-0.035095320623916806,1.9285714285714286,1.0,0.9285714285714286,0.6904761904761905,0.0,0.6904761904761905,0.9812592592592593,0.9175,0.0637592592592593,3.0,1.0,2.0,0.0205,0.03216666666666666,-0.011666666666666662,0.036254163800690235,0.07123698859216228,-0.03498282479147204,/Users/alexis/phantom_cs073/bateria_fase8_f803_mismo_pico/A2-B0-C2-batch3-r0_s471829_f803_solap2,/Users/alexis/phantom_cs073/bateria_fase8_f803_mismo_pico/A2-B0-C2-batch3-r0_s471829_f803_disp2,8
A2-B0-C2-batch3-r111_s482596,A2-B0-C2-batch3-r111,482596,471828,126,solap2,disp0,12.708908974959636,11.510312425309253,1.1985965496503823,1.1985965496503823,0.003135259313694405,64.15811612080654,-47.26226027936514,0.05004971826317534,0.12529002320185614,-0.07524030493868081,2.5033112582781456,1.0,1.5033112582781456,0.8410596026490066,0.0,0.8410596026490066,0.9721878306878307,0.811,0.1611878306878306,4.0,1.0,3.0,0.030666666666666665,0.0541,-0.023433333333333337,0.04981472242861109,0.12480679310445983,-0.07499207067584873,/Users/alexis/phantom_cs073/bateria_fase8_f803_mismo_pico/A2-B0-C2-batch3-r111_s482596_f803_solap2,/Users/alexis/phantom_cs073/bateria_fase8_f803_mismo_pico/A2-B0-C2-batch3-r111_s482596_f803_disp0,0
A2-B0-C2-batch3-r111_s482596,A2-B0-C2-batch3-r111,482596,471828,126,solap2,disp1,12.708908974959636,11.443962511345543,1.264946463614093,1.264946463614093,-0.0838928133345922,50.029717052612796,-31.62376315083344,0.05004971826317534,0.12529002320185614,-0.07524030493868081,2.5033112582781456,1.0,1.5033112582781456,0.8410596026490066,0.0,0.8410596026490066,0.9721878306878307,0.811,0.1611878306878306,4.0,1.0,3.0,0.030666666666666665,0.05603333333333333,-0.025366666666666666,0.04981472242861109,0.12480709522626679,-0.0749923727976557,/Users/alexis/phantom_cs073/bateria_fase8_f803_mismo_pico/A2-B0-C2-batch3-r111_s482596_f803_solap2,/Users/alexis/phantom_cs073/bateria_fase8_f803_mismo_pico/A2-B0-C2-batch3-r111_s482596_f803_disp1,1
A2-B0-C2-batch3-r111_s482596,A2-B0-C2-batch3-r111,482596,471828,126,solap1,disp0,13.1602198331986,11.510312425309253,1.649907407889346,1.649907407889346,0.10066943990729627,169.7375733796814,29.360851069902765,0.04839244282399735,0.12529002320185614,-0.07689758037785879,2.589041095890411,1.0,1.589041095890411,0.8767123287671232,0.0,0.8767123287671232,0.9730132275132275,0.811,0.16201322751322744,4.0,1.0,3.0,0.02525,0.0541,-0.02885,0.04813429347277372,0.12480679310445983,-0.07667249963168611,/Users/alexis/phantom_cs073/bateria_fase8_f803_mismo_pico/A2-B0-C2-batch3-r111_s482596_f803_solap1,/Users/alexis/phantom_cs073/bateria_fase8_f803_mismo_pico/A2-B0-C2-batch3-r111_s482596_f803_disp0,2
A2-B0-C2-batch3-r111_s482596,A2-B0-C2-batch3-r111,482596,471828,126,solap1,disp1,13.1602198331986,11.443962511345543,1.7162573218530568,1.7162573218530568,0.013641367259009662,155.60917431148766,44.99934819843446,0.04839244282399735,0.12529002320185614,-0.07689758037785879,2.589041095890411,1.0,1.589041095890411,0.8767123287671232,0.0,0.8767123287671232,0.9730132275132275,0.811,0.16201322751322744,4.0,1.0,3.0,0.02525,0.05603333333333333,-0.03078333333333333,0.04813429347277372,0.12480709522626679,-0.07667280175349307,/Users/alexis/phantom_cs073/bateria_fase8_f803_mismo_pico/A2-B0-C2-batch3-r111_s482596_f803_solap1,/Users/alexis/phantom_cs073/bateria_fase8_f803_mismo_pico/A2-B0-C2-batch3-r111_s482596_f803_disp1,3
A2-B0-C2-batch3-r111_s482596,A2-B0-C2-batch3-r111,482596,471828,126,solap0,disp0,13.522863718629152,11.510312425309253,2.0125512933198983,2.0125512933198983,-0.043098652001115845,-50.19941431040297,-8.559347775170465,0.05236990387802453,0.12529002320185614,-0.0729201193238316,2.392405063291139,1.0,1.3924050632911391,0.8544303797468354,0.0,0.8544303797468354,0.9696084656084656,0.811,0.15860846560846553,4.0,1.0,3.0,0.03,0.0541,-0.024100000000000003,0.05210903543053841,0.12480679310445983,-0.07269775767392142,/Users/alexis/phantom_cs073/bateria_fase8_f803_mismo_pico/A2-B0-C2-batch3-r111_s482596_f803_solap0,/Users/alexis/phantom_cs073/bateria_fase8_f803_mismo_pico/A2-B0-C2-batch3-r111_s482596_f803_disp0,4
A2-B0-C2-batch3-r111_s482596,A2-B0-C2-batch3-r111,482596,471828,126,solap0,disp1,13.522863718629152,11.443962511345543,2.078901207283609,2.078901207283609,-0.13012672464940245,-64.32781337859672,7.079149353361231,0.05236990387802453,0.12529002320185614,-0.0729201193238316,2.392405063291139,1.0,1.3924050632911391,0.8544303797468354,0.0,0.8544303797468354,0.9696084656084656,0.811,0.15860846560846553,4.0,1.0,3.0,0.03,0.05603333333333333,-0.026033333333333332,0.05210903543053841,0.12480709522626679,-0.07269805979572838,/Users/alexis/phantom_cs073/bateria_fase8_f803_mismo_pico/A2-B0-C2-batch3-r111_s482596_f803_solap0,/Users/alexis/phantom_cs073/bateria_fase8_f803_mismo_pico/A2-B0-C2-batch3-r111_s482596_f803_disp1,5
A2-B0-C2-batch3-r111_s482596,A2-B0-C2-batch3-r111,482596,471828,126,solap2,disp2,12.708908974959636,10.346170717630987,2.3627382573286493,2.3627382573286493,-0.09078860454265936,30.519882909488388,-4.617591435368809,0.05004971826317534,0.12529002320185614,-0.07524030493868081,2.5033112582781456,1.0,1.5033112582781456,0.8410596026490066,0.0,0.8410596026490066,0.9721878306878307,0.811,0.1611878306878306,4.0,1.0,3.0,0.030666666666666665,0.05466666666666667,-0.024000000000000004,0.04981472242861109,0.12480198662116747,-0.07498726419255639,/Users/alexis/phantom_cs073/bateria_fase8_f803_mismo_pico/A2-B0-C2-batch3-r111_s482596_f803_solap2,/Users/alexis/phantom_cs073/bateria_fase8_f803_mismo_pico/A2-B0-C2-batch3-r111_s482596_f803_disp2,6
A2-B0-C2-batch3-r111_s482596,A2-B0-C2-batch3-r111,482596,471828,126,solap1,disp2,13.1602198331986,10.346170717630987,2.814049115567613,2.814049115567613,0.006745576050942503,136.09934016836326,72.0055199138991,0.04839244282399735,0.12529002320185614,-0.07689758037785879,2.589041095890411,1.0,1.589041095890411,0.8767123287671232,0.0,0.8767123287671232,0.9730132275132275,0.811,0.16201322751322744,4.0,1.0,3.0,0.02525,0.05466666666666667,-0.029416666666666667,0.04813429347277372,0.12480198662116747,-0.07666769314839375,/Users/alexis/phantom_cs073/bateria_fase8_f803_mismo_pico/A2-B0-C2-batch3-r111_s482596_f803_solap1,/Users/alexis/phantom_cs073/bateria_fase8_f803_mismo_pico/A2-B0-C2-batch3-r111_s482596_f803_disp2,7
A2-B0-C2-batch3-r111_s482596,A2-B0-C2-batch3-r111,482596,471828,126,solap0,disp2,13.522863718629152,10.346170717630987,3.1766930009981653,3.1766930009981653,-0.1370225158574696,-83.83764752172112,34.08532106882586,0.05236990387802453,0.12529002320185614,-0.0729201193238316,2.392405063291139,1.0,1.3924050632911391,0.8544303797468354,0.0,0.8544303797468354,0.9696084656084656,0.811,0.15860846560846553,4.0,1.0,3.0,0.03,0.05466666666666667,-0.02466666666666667,0.05210903543053841,0.12480198662116747,-0.07269295119062906,/Users/alexis/phantom_cs073/bateria_fase8_f803_mismo_pico/A2-B0-C2-batch3-r111_s482596_f803_solap0,/Users/alexis/phantom_cs073/bateria_fase8_f803_mismo_pico/A2-B0-C2-batch3-r111_s482596_f803_disp2,8
A2-B0-C2-batch3-r60_s477649,A2-B0-C2-batch3-r60,477649,471828,239,solap2,disp1,16.37771838698115,14.158572505804443,2.2191458811767077,2.2191458811767077,-0.03316632425320076,-4.676855120696814,64.29074101763263,0.08898305084745763,0.23370273794002608,-0.14471968709256844,2.6153846153846154,1.0,1.6153846153846154,0.9084249084249084,0.0,0.9084249084249084,0.9487801120448179,0.6415,0.307280112044818,4.0,1.0,3.0,0.05226666666666666,0.09928333333333333,-0.04701666666666667,0.08856996199996939,0.2327842374241232,-0.14421427542415383,/Users/alexis/phantom_cs073/bateria_fase8_f803_mismo_pico/A2-B0-C2-batch3-r60_s477649_f803_solap2,/Users/alexis/phantom_cs073/bateria_fase8_f803_mismo_pico/A2-B0-C2-batch3-r60_s477649_f803_disp1,0
A2-B0-C2-batch3-r60_s477649,A2-B0-C2-batch3-r60,477649,471828,239,solap2,disp2,16.37771838698115,13.837676999375162,2.5400413876059886,2.5400413876059886,0.11809120459979905,294.6150939800309,61.36577500131108,0.08898305084745763,0.23370273794002608,-0.14471968709256844,2.6153846153846154,1.0,1.6153846153846154,0.9084249084249084,0.0,0.9084249084249084,0.9487801120448179,0.6415,0.307280112044818,4.0,1.0,3.0,0.05226666666666666,0.09919999999999998,-0.04693333333333332,0.08856996199996939,0.23279770338218128,-0.1442277413822119,/Users/alexis/phantom_cs073/bateria_fase8_f803_mismo_pico/A2-B0-C2-batch3-r60_s477649_f803_solap2,/Users/alexis/phantom_cs073/bateria_fase8_f803_mismo_pico/A2-B0-C2-batch3-r60_s477649_f803_disp2,1
A2-B0-C2-batch3-r60_s477649,A2-B0-C2-batch3-r60,477649,471828,239,solap0,disp1,17.180232489663318,14.158572505804443,3.021659983858875,3.021659983858875,-0.039717179414933135,-89.8776448280305,97.7071597172926,0.10039113428943937,0.23370273794002608,-0.1333116036505867,2.3279220779220777,1.0,1.3279220779220777,0.8311688311688312,0.0,0.8311688311688312,0.9406645746164575,0.6415,0.2991645746164575,4.0,1.0,3.0,0.05805,0.09928333333333333,-0.04123333333333334,0.09991740879057741,0.2327842374241232,-0.13286682863354582,/Users/alexis/phantom_cs073/bateria_fase8_f803_mismo_pico/A2-B0-C2-batch3-r60_s477649_f803_solap0,/Users/alexis/phantom_cs073/bateria_fase8_f803_mismo_pico/A2-B0-C2-batch3-r60_s477649_f803_disp1,2
A2-B0-C2-batch3-r60_s477649,A2-B0-C2-batch3-r60,477649,471828,239,solap0,disp2,17.180232489663318,13.837676999375162,3.342555490288156,3.342555490288156,0.11154034943806668,209.41430427269722,94.78219370097105,0.10039113428943937,0.23370273794002608,-0.1333116036505867,2.3279220779220777,1.0,1.3279220779220777,0.8311688311688312,0.0,0.8311688311688312,0.9406645746164575,0.6415,0.2991645746164575,4.0,1.0,3.0,0.05805,0.09919999999999998,-0.041149999999999985,0.09991740879057741,0.23279770338218128,-0.1328802945916039,/Users/alexis/phantom_cs073/bateria_fase8_f803_mismo_pico/A2-B0-C2-batch3-r60_s477649_f803_solap0,/Users/alexis/phantom_cs073/bateria_fase8_f803_mismo_pico/A2-B0-C2-batch3-r60_s477649_f803_disp2,3
A2-B0-C2-batch3-r60_s477649,A2-B0-C2-batch3-r60,477649,471828,239,solap2,disp0,16.37771838698115,12.553431131749639,3.8242872552315124,3.8242872552315124,0.08349596309730423,294.5188084151556,88.74807106317036,0.08898305084745763,0.2333767926988266,-0.144393741851369,2.6153846153846154,1.0013966480446927,1.6139879673399227,0.9084249084249084,0.0013966480446927375,0.9070282603802157,0.9487801120448179,0.6434944211994421,0.3052856908453758,4.0,2.0,2.0,0.05226666666666666,0.10241666666666666,-0.05014999999999999,0.08856996199996939,0.23246418851958814,-0.14389422651961875,/Users/alexis/phantom_cs073/bateria_fase8_f803_mismo_pico/A2-B0-C2-batch3-r60_s477649_f803_solap2,/Users/alexis/phantom_cs073/bateria_fase8_f803_mismo_pico/A2-B0-C2-batch3-r60_s477649_f803_disp0,4
A2-B0-C2-batch3-r60_s477649,A2-B0-C2-batch3-r60,477649,471828,239,solap1,disp1,18.04872346642146,14.158572505804443,3.8901509606170173,3.8901509606170173,-0.10690168775094033,-24.44459204279042,105.03809747710358,0.08670143415906127,0.23370273794002608,-0.14700130378096482,2.6954887218045114,1.0,1.6954887218045114,0.8796992481203008,0.0,0.8796992481203008,0.951636680613668,0.6415,0.31013668061366806,4.0,1.0,3.0,0.05226666666666666,0.09928333333333333,-0.04701666666666667,0.08629190436163178,0.2327842374241232,-0.14649233306249143,/Users/alexis/phantom_cs073/bateria_fase8_f803_mismo_pico/A2-B0-C2-batch3-r60_s477649_f803_solap1,/Users/alexis/phantom_cs073/bateria_fase8_f803_mismo_pico/A2-B0-C2-batch3-r60_s477649_f803_disp1,5
A2-B0-C2-batch3-r60_s477649,A2-B0-C2-batch3-r60,477649,471828,239,solap1,disp2,18.04872346642146,13.837676999375162,4.211046467046298,4.211046467046298,0.04435584110205948,274.8473570579373,102.11313146078203,0.08670143415906127,0.23370273794002608,-0.14700130378096482,2.6954887218045114,1.0,1.6954887218045114,0.8796992481203008,0.0,0.8796992481203008,0.951636680613668,0.6415,0.31013668061366806,4.0,1.0,3.0,0.05226666666666666,0.09919999999999998,-0.04693333333333332,0.08629190436163178,0.23279770338218128,-0.1465057990205495,/Users/alexis/phantom_cs073/bateria_fase8_f803_mismo_pico/A2-B0-C2-batch3-r60_s477649_f803_solap1,/Users/alexis/phantom_cs073/bateria_fase8_f803_mismo_pico/A2-B0-C2-batch3-r60_s477649_f803_disp2,6
A2-B0-C2-batch3-r60_s477649,A2-B0-C2-batch3-r60,477649,471828,239,solap0,disp0,17.180232489663318,12.553431131749639,4.6268013579136795,4.6268013579136795,0.07694510793557185,209.31801870782192,122.16448976283033,0.10039113428943937,0.2333767926988266,-0.13298565840938725,2.3279220779220777,1.0013966480446927,1.326525429877385,0.8311688311688312,0.0013966480446927375,0.8297721831241385,0.9406645746164575,0.6434944211994421,0.29717015341701536,4.0,2.0,2.0,0.05805,0.10241666666666666,-0.04436666666666666,0.09991740879057741,0.23246418851958814,-0.13254677972901074,/Users/alexis/phantom_cs073/bateria_fase8_f803_mismo_pico/A2-B0-C2-batch3-r60_s477649_f803_solap0,/Users/alexis/phantom_cs073/bateria_fase8_f803_mismo_pico/A2-B0-C2-batch3-r60_s477649_f803_disp0,7
A2-B0-C2-batch3-r60_s477649,A2-B0-C2-batch3-r60,477649,471828,239,solap1,disp0,18.04872346642146,12.553431131749639,5.495292334671822,5.495292334671822,0.009760599599564657,274.751071493062,129.4954275226413,0.08670143415906127,0.2333767926988266,-0.14667535853976532,2.6954887218045114,1.0013966480446927,1.6940920737598186,0.8796992481203008,0.0013966480446927375,0.878302600075608,0.951636680613668,0.6434944211994421,0.3081422594142259,4.0,2.0,2.0,0.05226666666666666,0.10241666666666666,-0.05014999999999999,0.08629190436163178,0.23246418851958814,-0.14617228415795636,/Users/alexis/phantom_cs073/bateria_fase8_f803_mismo_pico/A2-B0-C2-batch3-r60_s477649_f803_solap1,/Users/alexis/phantom_cs073/bateria_fase8_f803_mismo_pico/A2-B0-C2-batch3-r60_s477649_f803_disp0,8
A2-B0-C2-batch4-r10_s572799,A2-B0-C2-batch4-r10,572799,571828,118,solap0,disp0,15.619283776559278,14.119443620240256,1.4998401563190225,1.4998401563190225,-0.11592894554045508,-195.64295369482772,38.53986834182439,0.047762191048764197,0.11823647294589178,-0.07047428189712758,2.4545454545454546,1.0,1.4545454545454546,0.8671328671328671,0.0,0.8671328671328671,0.9740555555555556,0.823,0.1510555555555556,4.0,1.0,3.0,0.02733333333333333,0.04934999999999999,-0.02201666666666666,0.04752711278714186,0.11777102970135331,-0.07024391691421145,/Users/alexis/phantom_cs073/bateria_fase8_f803_mismo_pico/A2-B0-C2-batch4-r10_s572799_f803_solap0,/Users/alexis/phantom_cs073/bateria_fase8_f803_mismo_pico/A2-B0-C2-batch4-r10_s572799_f803_disp0,0
A2-B0-C2-batch4-r10_s572799,A2-B0-C2-batch4-r10,572799,571828,118,solap0,disp2,15.619283776559278,13.975152422429966,1.6441313541293123,1.6441313541293123,0.0858477432048943,169.06281174022627,55.655165971595295,0.047762191048764197,0.11823647294589178,-0.07047428189712758,2.4545454545454546,1.0,1.4545454545454546,0.8671328671328671,0.0,0.8671328671328671,0.9740555555555556,0.823,0.1510555555555556,4.0,1.0,3.0,0.02733333333333333,0.052700000000000004,-0.025366666666666673,0.04752711278714186,0.1177694957940821,-0.07024238300694023,/Users/alexis/phantom_cs073/bateria_fase8_f803_mismo_pico/A2-B0-C2-batch4-r10_s572799_f803_solap0,/Users/alexis/phantom_cs073/bateria_fase8_f803_mismo_pico/A2-B0-C2-batch4-r10_s572799_f803_disp2,1
A2-B0-C2-batch4-r10_s572799,A2-B0-C2-batch4-r10,572799,571828,118,solap0,disp1,15.619283776559278,12.763970151407872,2.855313625151407,2.855313625151407,0.010801165084982856,154.5082111157799,67.78435211083683,0.047762191048764197,0.11823647294589178,-0.07047428189712758,2.4545454545454546,1.0,1.4545454545454546,0.8671328671328671,0.0,0.8671328671328671,0.9740555555555556,0.823,0.1510555555555556,4.0,1.0,3.0,0.02733333333333333,0.05118333333333334,-0.023850000000000007,0.04752711278714186,0.11777351184221042,-0.07024639905506856,/Users/alexis/phantom_cs073/bateria_fase8_f803_mismo_pico/A2-B0-C2-batch4-r10_s572799_f803_solap0,/Users/alexis/phantom_cs073/bateria_fase8_f803_mismo_pico/A2-B0-C2-batch4-r10_s572799_f803_disp1,2
A2-B0-C2-batch4-r10_s572799,A2-B0-C2-batch4-r10,572799,571828,118,solap1,disp0,17.01263628913069,14.119443620240256,2.8931926688904337,2.8931926688904337,-0.14276449175939732,-162.825174863739,11.36778306903318,0.05143620574482298,0.11823647294589178,-0.0668002672010688,2.2987012987012987,1.0,1.2987012987012987,0.7922077922077922,0.0,0.7922077922077922,0.9704802259887005,0.823,0.1474802259887006,4.0,1.0,3.0,0.031933333333333334,0.04934999999999999,-0.017416666666666657,0.05119022279696334,0.11777102970135331,-0.06658080690438997,/Users/alexis/phantom_cs073/bateria_fase8_f803_mismo_pico/A2-B0-C2-batch4-r10_s572799_f803_solap1,/Users/alexis/phantom_cs073/bateria_fase8_f803_mismo_pico/A2-B0-C2-batch4-r10_s572799_f803_disp0,3
A2-B0-C2-batch4-r10_s572799,A2-B0-C2-batch4-r10,572799,571828,118,solap1,disp2,17.01263628913069,13.975152422429966,3.0374838667007236,3.0374838667007236,0.05901219698595206,201.880590571315,28.483080698804088,0.05143620574482298,0.11823647294589178,-0.0668002672010688,2.2987012987012987,1.0,1.2987012987012987,0.7922077922077922,0.0,0.7922077922077922,0.9704802259887005,0.823,0.1474802259887006,4.0,1.0,3.0,0.031933333333333334,0.052700000000000004,-0.02076666666666667,0.05119022279696334,0.1177694957940821,-0.06657927299711874,/Users/alexis/phantom_cs073/bateria_fase8_f803_mismo_pico/A2-B0-C2-batch4-r10_s572799_f803_solap1,/Users/alexis/phantom_cs073/bateria_fase8_f803_mismo_pico/A2-B0-C2-batch4-r10_s572799_f803_disp2,4
A2-B0-C2-batch4-r10_s572799,A2-B0-C2-batch4-r10,572799,571828,118,solap2,disp0,17.261968238959717,14.119443620240256,3.1425246187194613,3.1425246187194613,-0.017968643368491577,109.0538040090878,36.37438013649523,0.04676018704074816,0.11823647294589178,-0.07147628590514361,2.5285714285714285,1.0,1.5285714285714285,0.8571428571428571,0.0,0.8571428571428571,0.9739802259887006,0.823,0.15098022598870064,4.0,1.0,3.0,0.026116666666666667,0.04934999999999999,-0.023233333333333325,0.04653877449845137,0.11777102970135331,-0.07123225520290194,/Users/alexis/phantom_cs073/bateria_fase8_f803_mismo_pico/A2-B0-C2-batch4-r10_s572799_f803_solap2,/Users/alexis/phantom_cs073/bateria_fase8_f803_mismo_pico/A2-B0-C2-batch4-r10_s572799_f803_disp0,5
A2-B0-C2-batch4-r10_s572799,A2-B0-C2-batch4-r10,572799,571828,118,solap2,disp2,17.261968238959717,13.975152422429966,3.286815816529751,3.286815816529751,0.1838080453768578,473.7595694441418,53.48967776626614,0.04676018704074816,0.11823647294589178,-0.07147628590514361,2.5285714285714285,1.0,1.5285714285714285,0.8571428571428571,0.0,0.8571428571428571,0.9739802259887006,0.823,0.15098022598870064,4.0,1.0,3.0,0.026116666666666667,0.052700000000000004,-0.026583333333333337,0.04653877449845137,0.1177694957940821,-0.07123072129563073,/Users/alexis/phantom_cs073/bateria_fase8_f803_mismo_pico/A2-B0-C2-batch4-r10_s572799_f803_solap2,/Users/alexis/phantom_cs073/bateria_fase8_f803_mismo_pico/A2-B0-C2-batch4-r10_s572799_f803_disp2,6
A2-B0-C2-batch4-r10_s572799,A2-B0-C2-batch4-r10,572799,571828,118,solap1,disp1,17.01263628913069,12.763970151407872,4.248666137722818,4.248666137722818,-0.016034381133959386,187.32598994686862,40.61226683804563,0.05143620574482298,0.11823647294589178,-0.0668002672010688,2.2987012987012987,1.0,1.2987012987012987,0.7922077922077922,0.0,0.7922077922077922,0.9704802259887005,0.823,0.1474802259887006,4.0,1.0,3.0,0.031933333333333334,0.05118333333333334,-0.019250000000000003,0.05119022279696334,0.11777351184221042,-0.06658328904524707,/Users/alexis/phantom_cs073/bateria_fase8_f803_mismo_pico/A2-B0-C2-batch4-r10_s572799_f803_solap1,/Users/alexis/phantom_cs073/bateria_fase8_f803_mismo_pico/A2-B0-C2-batch4-r10_s572799_f803_disp1,7
A2-B0-C2-batch4-r10_s572799,A2-B0-C2-batch4-r10,572799,571828,118,solap2,disp1,17.261968238959717,12.763970151407872,4.497998087551846,4.497998087551846,0.10876146725694635,459.2049688196954,65.61886390550768,0.04676018704074816,0.11823647294589178,-0.07147628590514361,2.5285714285714285,1.0,1.5285714285714285,0.8571428571428571,0.0,0.8571428571428571,0.9739802259887006,0.823,0.15098022598870064,4.0,1.0,3.0,0.026116666666666667,0.05118333333333334,-0.02506666666666667,0.04653877449845137,0.11777351184221042,-0.07123473734375906,/Users/alexis/phantom_cs073/bateria_fase8_f803_mismo_pico/A2-B0-C2-batch4-r10_s572799_f803_solap2,/Users/alexis/phantom_cs073/bateria_fase8_f803_mismo_pico/A2-B0-C2-batch4-r10_s572799_f803_disp1,8
A2-B0-C2-batch4-r36_s575321,A2-B0-C2-batch4-r36,575321,571828,31,solap1,disp1,10.743016368858182,10.923863909758023,-0.18084754089984045,0.18084754089984045,-0.050625582223398524,50.5680052321336,3.0028688206272705,0.02560819462227913,0.03969270166453265,-0.01408450704225352,1.55,1.0,0.55,0.5,0.0,0.5,0.9851774193548387,0.9535,0.0316774193548387,3.0,1.0,2.0,0.011583333333333334,0.0165,-0.004916666666666666,0.025495072635791476,0.0395425099127467,-0.014047437276955226,/Users/alexis/phantom_cs073/bateria_fase8_f803_mismo_pico/A2-B0-C2-batch4-r36_s575321_f803_solap1,/Users/alexis/phantom_cs073/bateria_fase8_f803_mismo_pico/A2-B0-C2-batch4-r36_s575321_f803_disp1,0
A2-B0-C2-batch4-r36_s575321,A2-B0-C2-batch4-r36,575321,571828,31,solap1,disp0,10.743016368858182,11.149548300211324,-0.4065319313531415,0.4065319313531415,-0.08627903320562602,-218.5255016697107,-26.538667105021545,0.02560819462227913,0.03969270166453265,-0.01408450704225352,1.55,1.0,0.55,0.5,0.0,0.5,0.9851774193548387,0.9535,0.0316774193548387,3.0,1.0,2.0,0.011583333333333334,0.016916666666666663,-0.005333333333333329,0.025495072635791476,0.039546745156202164,-0.014051672520410688,/Users/alexis/phantom_cs073/bateria_fase8_f803_mismo_pico/A2-B0-C2-batch4-r36_s575321_f803_solap1,/Users/alexis/phantom_cs073/bateria_fase8_f803_mismo_pico/A2-B0-C2-batch4-r36_s575321_f803_disp0,1
A2-B0-C2-batch4-r36_s575321,A2-B0-C2-batch4-r36,575321,571828,31,solap1,disp2,10.743016368858182,11.343560606125774,-0.6005442372675915,0.6005442372675915,0.0945751763857916,94.51873225857713,11.277878250477215,0.02560819462227913,0.03969270166453265,-0.01408450704225352,1.55,1.0,0.55,0.5,0.0,0.5,0.9851774193548387,0.9535,0.0316774193548387,3.0,1.0,2.0,0.011583333333333334,0.0175,-0.005916666666666667,0.025495072635791476,0.03955343957327692,-0.014058366937485446,/Users/alexis/phantom_cs073/bateria_fase8_f803_mismo_pico/A2-B0-C2-batch4-r36_s575321_f803_solap1,/Users/alexis/phantom_cs073/bateria_fase8_f803_mismo_pico/A2-B0-C2-batch4-r36_s575321_f803_disp2,2
A2-B0-C2-batch4-r36_s575321,A2-B0-C2-batch4-r36,575321,571828,31,solap2,disp2,11.944301702834297,11.343560606125774,0.6007410967085232,0.6007410967085232,0.026707335377715413,4.146504701290269,30.081798140056833,0.019206145966709345,0.03969270166453265,-0.020486555697823303,2.066666666666667,1.0,1.0666666666666669,0.7333333333333333,0.0,0.7333333333333333,0.9900161290322581,0.9535,0.03651612903225809,3.0,1.0,2.0,0.011333333333333332,0.0175,-0.006166666666666669,0.019134875472001947,0.03955343957327692,-0.020418564101274975,/Users/alexis/phantom_cs073/bateria_fase8_f803_mismo_pico/A2-B0-C2-batch4-r36_s575321_f803_solap2,/Users/alexis/phantom_cs073/bateria_fase8_f803_mismo_pico/A2-B0-C2-batch4-r36_s575321_f803_disp2,3
A2-B0-C2-batch4-r36_s575321,A2-B0-C2-batch4-r36,575321,571828,31,solap0,disp2,12.025439075023135,11.343560606125774,0.6818784688973611,0.6818784688973611,0.034933323325887944,48.86526136365973,26.722835073609986,0.01835253947930004,0.03969270166453265,-0.021340162185232606,2.0930232558139537,1.0,1.0930232558139537,0.7906976744186046,0.0,0.7906976744186046,0.9901555555555556,0.9535,0.03665555555555555,3.0,1.0,2.0,0.010833333333333332,0.0175,-0.00666666666666667,0.018284456802247284,0.03955343957327692,-0.021268982771029638,/Users/alexis/phantom_cs073/bateria_fase8_f803_mismo_pico/A2-B0-C2-batch4-r36_s575321_f803_solap0,/Users/alexis/phantom_cs073/bateria_fase8_f803_mismo_pico/A2-B0-C2-batch4-r36_s575321_f803_disp2,4
A2-B0-C2-batch4-r36_s575321,A2-B0-C2-batch4-r36,575321,571828,31,solap2,disp0,11.944301702834297,11.149548300211324,0.7947534026229732,0.7947534026229732,-0.1541468742137022,-308.89772922699757,-7.734747215441928,0.019206145966709345,0.03969270166453265,-0.020486555697823303,2.066666666666667,1.0,1.0666666666666669,0.7333333333333333,0.0,0.7333333333333333,0.9900161290322581,0.9535,0.03651612903225809,3.0,1.0,2.0,0.011333333333333332,0.016916666666666663,-0.005583333333333331,0.019134875472001947,0.039546745156202164,-0.020411869684200216,/Users/alexis/phantom_cs073/bateria_fase8_f803_mismo_pico/A2-B0-C2-batch4-r36_s575321_f803_solap2,/Users/alexis/phantom_cs073/bateria_fase8_f803_mismo_pico/A2-B0-C2-batch4-r36_s575321_f803_disp0,5
A2-B0-C2-batch4-r36_s575321,A2-B0-C2-batch4-r36,575321,571828,31,solap0,disp0,12.025439075023135,11.149548300211324,0.8758907748118112,0.8758907748118112,-0.14592088626552968,-264.1789725646281,-11.093710281888775,0.01835253947930004,0.03969270166453265,-0.021340162185232606,2.0930232558139537,1.0,1.0930232558139537,0.7906976744186046,0.0,0.7906976744186046,0.9901555555555556,0.9535,0.03665555555555555,3.0,1.0,2.0,0.010833333333333332,0.016916666666666663,-0.006083333333333331,0.018284456802247284,0.039546745156202164,-0.02126228835395488,/Users/alexis/phantom_cs073/bateria_fase8_f803_mismo_pico/A2-B0-C2-batch4-r36_s575321_f803_solap0,/Users/alexis/phantom_cs073/bateria_fase8_f803_mismo_pico/A2-B0-C2-batch4-r36_s575321_f803_disp0,6
A2-B0-C2-batch4-r36_s575321,A2-B0-C2-batch4-r36,575321,571828,31,solap2,disp1,11.944301702834297,10.923863909758023,1.0204377930762742,1.0204377930762742,-0.11849342323147471,-39.80422232515326,21.806788710206888,0.019206145966709345,0.03969270166453265,-0.020486555697823303,2.066666666666667,1.0,1.0666666666666669,0.7333333333333333,0.0,0.7333333333333333,0.9900161290322581,0.9535,0.03651612903225809,3.0,1.0,2.0,0.011333333333333332,0.0165,-0.005166666666666668,0.019134875472001947,0.0395425099127467,-0.020407634440744754,/Users/alexis/phantom_cs073/bateria_fase8_f803_mismo_pico/A2-B0-C2-batch4-r36_s575321_f803_solap2,/Users/alexis/phantom_cs073/bateria_fase8_f803_mismo_pico/A2-B0-C2-batch4-r36_s575321_f803_disp1,7
A2-B0-C2-batch4-r36_s575321,A2-B0-C2-batch4-r36,575321,571828,31,solap0,disp1,12.025439075023135,10.923863909758023,1.1015751652651122,1.1015751652651122,-0.11026743528330218,4.914534337216196,18.44782564376004,0.01835253947930004,0.03969270166453265,-0.021340162185232606,2.0930232558139537,1.0,1.0930232558139537,0.7906976744186046,0.0,0.7906976744186046,0.9901555555555556,0.9535,0.03665555555555555,3.0,1.0,2.0,0.010833333333333332,0.0165,-0.005666666666666669,0.018284456802247284,0.0395425099127467,-0.021258053110499418,/Users/alexis/phantom_cs073/bateria_fase8_f803_mismo_pico/A2-B0-C2-batch4-r36_s575321_f803_solap0,/Users/alexis/phantom_cs073/bateria_fase8_f803_mismo_pico/A2-B0-C2-batch4-r36_s575321_f803_disp1,8
A2-B0-C2-batch4-r62_s577843,A2-B0-C2-batch4-r62,577843,571828,220,solap0,disp2,12.707590350938792,9.919604156495907,2.787986194442885,2.787986194442885,-0.052228414767419906,-10.522646570099027,56.08367765243065,0.07668990603213095,0.19975750227341618,-0.12306759624128523,2.5968379446640317,1.0015174506828528,1.595320493981179,0.8814229249011858,0.0015174506828528073,0.879905474218333,0.9516659056316591,0.6719939393939394,0.2796719662377197,4.0,2.0,2.0,0.0485,0.08508333333333334,-0.03658333333333334,0.07634936450471687,0.1990027749597762,-0.12265341045505933,/Users/alexis/phantom_cs073/bateria_fase8_f803_mismo_pico/A2-B0-C2-batch4-r62_s577843_f803_solap0,/Users/alexis/phantom_cs073/bateria_fase8_f803_mismo_pico/A2-B0-C2-batch4-r62_s577843_f803_disp2,0
A2-B0-C2-batch4-r62_s577843,A2-B0-C2-batch4-r62,577843,571828,220,solap0,disp1,12.707590350938792,9.262847081751044,3.4447432691877484,3.4447432691877484,0.09068620987420495,275.7066196524145,94.24199394738702,0.07668990603213095,0.19945438011518643,-0.12276447408305548,2.5968379446640317,1.0030395136778116,1.59379843098622,0.8814229249011858,0.00303951367781155,0.8783834112233743,0.9516659056316591,0.6749621212121212,0.2767037844195379,4.0,2.0,2.0,0.0485,0.09075,-0.042249999999999996,0.07634936450471687,0.1987302498548019,-0.12238088535008503,/Users/alexis/phantom_cs073/bateria_fase8_f803_mismo_pico/A2-B0-C2-batch4-r62_s577843_f803_solap0,/Users/alexis/phantom_cs073/bateria_fase8_f803_mismo_pico/A2-B0-C2-batch4-r62_s577843_f803_disp1,1
A2-B0-C2-batch4-r62_s577843,A2-B0-C2-batch4-r62,577843,571828,220,solap2,disp2,13.96081033194293,9.919604156495907,4.041206175447023,4.041206175447023,-0.18303072930717956,-137.35904017394898,31.596019158963543,0.08184298272203698,0.19975750227341618,-0.1179145195513792,2.4444444444444446,1.0015174506828528,1.4429269937615918,0.8444444444444444,0.0015174506828528073,0.8429269937615916,0.9492287878787878,0.6719939393939394,0.2772348484848485,4.0,2.0,2.0,0.05205,0.08508333333333334,-0.033033333333333345,0.08147703553328599,0.1990027749597762,-0.11752573942649021,/Users/alexis/phantom_cs073/bateria_fase8_f803_mismo_pico/A2-B0-C2-batch4-r62_s577843_f803_solap2,/Users/alexis/phantom_cs073/bateria_fase8_f803_mismo_pico/A2-B0-C2-batch4-r62_s577843_f803_disp2,2
A2-B0-C2-batch4-r62_s577843,A2-B0-C2-batch4-r62,577843,571828,220,solap2,disp1,13.96081033194293,9.262847081751044,4.697963250191886,4.697963250191886,-0.04011610466555471,148.87022604856452,69.75433545391991,0.08184298272203698,0.19945438011518643,-0.11761139739314945,2.4444444444444446,1.0030395136778116,1.441404930766633,0.8444444444444444,0.00303951367781155,0.8414049307666329,0.9492287878787878,0.6749621212121212,0.27426666666666666,4.0,2.0,2.0,0.05205,0.09075,-0.0387,0.08147703553328599,0.1987302498548019,-0.1172532143215159,/Users/alexis/phantom_cs073/bateria_fase8_f803_mismo_pico/A2-B0-C2-batch4-r62_s577843_f803_solap2,/Users/alexis/phantom_cs073/bateria_fase8_f803_mismo_pico/A2-B0-C2-batch4-r62_s577843_f803_disp1,3
A2-B0-C2-batch4-r62_s577843,A2-B0-C2-batch4-r62,577843,571828,220,solap1,disp2,14.814869156325626,9.919604156495907,4.895264999829719,4.895264999829719,-0.11640653068605111,13.348884196696645,9.94321674233197,0.07820551682327978,0.19975750227341618,-0.1215519854501364,2.558139534883721,1.0015174506828528,1.5566220842008682,0.872093023255814,0.0015174506828528073,0.8705755725729611,0.9516545454545454,0.6719939393939394,0.27966060606060605,4.0,2.0,2.0,0.05001666666666667,0.08508333333333334,-0.03506666666666668,0.07786743316726086,0.1990027749597762,-0.12113534179251534,/Users/alexis/phantom_cs073/bateria_fase8_f803_mismo_pico/A2-B0-C2-batch4-r62_s577843_f803_solap1,/Users/alexis/phantom_cs073/bateria_fase8_f803_mismo_pico/A2-B0-C2-batch4-r62_s577843_f803_disp2,4
A2-B0-C2-batch4-r62_s577843,A2-B0-C2-batch4-r62,577843,571828,220,solap0,disp0,12.707590350938792,7.298860004440722,5.4087303464980705,5.4087303464980705,0.035023343353859815,313.07664205504534,154.19568307704418,0.07668990603213095,0.20006062443164596,-0.12337071839951501,2.5968379446640317,1.0,1.5968379446640317,0.8814229249011858,0.0,0.8814229249011858,0.9516659056316591,0.67,0.28166590563165905,4.0,1.0,3.0,0.0485,0.08898333333333334,-0.04048333333333334,0.07634936450471687,0.19932652486111657,-0.1229771603563997,/Users/alexis/phantom_cs073/bateria_fase8_f803_mismo_pico/A2-B0-C2-batch4-r62_s577843_f803_solap0,/Users/alexis/phantom_cs073/bateria_fase8_f803_mismo_pico/A2-B0-C2-batch4-r62_s577843_f803_disp0,5
A2-B0-C2-batch4-r62_s577843,A2-B0-C2-batch4-r62,577843,571828,220,solap1,disp1,14.814869156325626,9.262847081751044,5.552022074574582,5.552022074574582,0.02650809395557374,299.57815041921015,48.101533037288334,0.07820551682327978,0.19945438011518643,-0.12124886329190665,2.558139534883721,1.0030395136778116,1.5551000212059094,0.872093023255814,0.00303951367781155,0.8690535095780024,0.9516545454545454,0.6749621212121212,0.27669242424242424,4.0,2.0,2.0,0.05001666666666667,0.09075,-0.04073333333333333,0.07786743316726086,0.1987302498548019,-0.12086281668754104,/Users/alexis/phantom_cs073/bateria_fase8_f803_mismo_pico/A2-B0-C2-batch4-r62_s577843_f803_solap1,/Users/alexis/phantom_cs073/bateria_fase8_f803_mismo_pico/A2-B0-C2-batch4-r62_s577843_f803_disp1,6
A2-B0-C2-batch4-r62_s577843,A2-B0-C2-batch4-r62,577843,571828,220,solap2,disp0,13.96081033194293,7.298860004440722,6.6619503275022085,6.6619503275022085,-0.09577897118589984,186.24024845119538,129.70802458357707,0.08184298272203698,0.20006062443164596,-0.11821764170960898,2.4444444444444446,1.0,1.4444444444444446,0.8444444444444444,0.0,0.8444444444444444,0.9492287878787878,0.67,0.2792287878787878,4.0,1.0,3.0,0.05205,0.08898333333333334,-0.036933333333333346,0.08147703553328599,0.19932652486111657,-0.11784948932783058,/Users/alexis/phantom_cs073/bateria_fase8_f803_mismo_pico/A2-B0-C2-batch4-r62_s577843_f803_solap2,/Users/alexis/phantom_cs073/bateria_fase8_f803_mismo_pico/A2-B0-C2-batch4-r62_s577843_f803_disp0,7
A2-B0-C2-batch4-r62_s577843,A2-B0-C2-batch4-r62,577843,571828,220,solap1,disp0,14.814869156325626,7.298860004440722,7.516009151884904,7.516009151884904,-0.029154772564771392,336.948172821841,108.0552221669455,0.07820551682327978,0.20006062443164596,-0.12185510760836618,2.558139534883721,1.0,1.558139534883721,0.872093023255814,0.0,0.872093023255814,0.9516545454545454,0.67,0.2816545454545454,4.0,1.0,3.0,0.05001666666666667,0.08898333333333334,-0.03896666666666668,0.07786743316726086,0.19932652486111657,-0.12145909169385571,/Users/alexis/phantom_cs073/bateria_fase8_f803_mismo_pico/A2-B0-C2-batch4-r62_s577843_f803_solap1,/Users/alexis/phantom_cs073/bateria_fase8_f803_mismo_pico/A2-B0-C2-batch4-r62_s577843_f803_disp0,8
A2-B0-C2-r14_s273187,A2-B0-C2-r14,273187,271828,250,solap2,disp1,12.06388421930816,8.291001473234925,3.772882746073236,3.772882746073236,0.18617312759349147,354.5166388748139,111.99409460400386,0.09132281553398058,0.2263349514563107,-0.1350121359223301,2.4916943521594686,1.0053619302949062,1.4863324218645624,0.8571428571428571,0.005361930294906166,0.8517809268479509,0.9440866666666666,0.633892,0.3101946666666666,4.0,2.0,2.0,0.05941666666666666,0.10255,-0.04313333333333334,0.09094863073216135,0.22550451893734114,-0.13455588820517977,/Users/alexis/phantom_cs073/bateria_fase8_f803_mismo_pico/A2-B0-C2-r14_s273187_f803_solap2,/Users/alexis/phantom_cs073/bateria_fase8_f803_mismo_pico/A2-B0-C2-r14_s273187_f803_disp1,0
A2-B0-C2-r14_s273187,A2-B0-C2-r14,273187,271828,250,solap0,disp1,12.183503569152146,8.291001473234925,3.892502095917221,3.892502095917221,0.06801243079808206,31.074920865264403,80.43313470979251,0.08768203883495146,0.2263349514563107,-0.13865291262135923,2.5951557093425603,1.0053619302949062,1.5897937790476542,0.8685121107266436,0.005361930294906166,0.8631501804317374,0.9473346666666667,0.633892,0.31344266666666665,4.0,2.0,2.0,0.05733333333333333,0.10255,-0.04521666666666667,0.08730847537320904,0.22550451893734114,-0.1381960435641321,/Users/alexis/phantom_cs073/bateria_fase8_f803_mismo_pico/A2-B0-C2-r14_s273187_f803_solap0,/Users/alexis/phantom_cs073/bateria_fase8_f803_mismo_pico/A2-B0-C2-r14_s273187_f803_disp1,1
A2-B0-C2-r14_s273187,A2-B0-C2-r14,273187,271828,250,solap2,disp0,12.06388421930816,8.06359670976506,4.000287509543101,4.000287509543101,0.14609053627361934,396.38085480336736,117.1671783173025,0.09132281553398058,0.2275485436893204,-0.13622572815533981,2.4916943521594686,1.0,1.4916943521594686,0.8571428571428571,0.0,0.8571428571428571,0.9440866666666666,0.625,0.31908666666666663,4.0,1.0,3.0,0.05941666666666666,0.11225,-0.05283333333333334,0.09094863073216135,0.22675794597305376,-0.1358093152408924,/Users/alexis/phantom_cs073/bateria_fase8_f803_mismo_pico/A2-B0-C2-r14_s273187_f803_solap2,/Users/alexis/phantom_cs073/bateria_fase8_f803_mismo_pico/A2-B0-C2-r14_s273187_f803_disp0,2
A2-B0-C2-r14_s273187,A2-B0-C2-r14,273187,271828,250,solap0,disp0,12.183503569152146,8.06359670976506,4.119906859387086,4.119906859387086,0.027929839478209928,72.93913679381785,85.60621842309115,0.08768203883495146,0.2275485436893204,-0.13986650485436894,2.5951557093425603,1.0,1.5951557093425603,0.8685121107266436,0.0,0.8685121107266436,0.9473346666666667,0.625,0.32233466666666666,4.0,1.0,3.0,0.05733333333333333,0.11225,-0.05491666666666667,0.08730847537320904,0.22675794597305376,-0.13944947059984472,/Users/alexis/phantom_cs073/bateria_fase8_f803_mismo_pico/A2-B0-C2-r14_s273187_f803_solap0,/Users/alexis/phantom_cs073/bateria_fase8_f803_mismo_pico/A2-B0-C2-r14_s273187_f803_disp0,3
A2-B0-C2-r14_s273187,A2-B0-C2-r14,273187,271828,250,solap2,disp2,12.06388421930816,7.728453196672489,4.335431022635672,4.335431022635672,0.13529038988964803,397.28457634438666,105.06151944473817,0.09132281553398058,0.2275485436893204,-0.13622572815533981,2.4916943521594686,1.0,1.4916943521594686,0.8571428571428571,0.0,0.8571428571428571,0.9440866666666666,0.625,0.31908666666666663,4.0,1.0,3.0,0.05941666666666666,0.10908333333333332,-0.049666666666666665,0.09094863073216135,0.2267408246020479,-0.13579219386988656,/Users/alexis/phantom_cs073/bateria_fase8_f803_mismo_pico/A2-B0-C2-r14_s273187_f803_solap2,/Users/alexis/phantom_cs073/bateria_fase8_f803_mismo_pico/A2-B0-C2-r14_s273187_f803_disp2,4
A2-B0-C2-r14_s273187,A2-B0-C2-r14,273187,271828,250,solap1,disp1,12.632020309116575,8.291001473234925,4.34101883588165,4.34101883588165,0.12819439083634165,156.40063904516978,137.46163322964912,0.08555825242718447,0.2263349514563107,-0.1407766990291262,2.6595744680851063,1.0053619302949062,1.6542125377902002,0.8865248226950354,0.005361930294906166,0.8811628924001292,0.9477706666666667,0.633892,0.31387866666666664,4.0,2.0,2.0,0.05641666666666667,0.10255,-0.04613333333333333,0.08520135008453905,0.22550451893734114,-0.14030316885280208,/Users/alexis/phantom_cs073/bateria_fase8_f803_mismo_pico/A2-B0-C2-r14_s273187_f803_solap1,/Users/alexis/phantom_cs073/bateria_fase8_f803_mismo_pico/A2-B0-C2-r14_s273187_f803_disp1,5
A2-B0-C2-r14_s273187,A2-B0-C2-r14,273187,271828,250,solap0,disp2,12.183503569152146,7.728453196672489,4.455050372479657,4.455050372479657,0.01712969309423862,73.84285833483716,73.50055955052682,0.08768203883495146,0.2275485436893204,-0.13986650485436894,2.5951557093425603,1.0,1.5951557093425603,0.8685121107266436,0.0,0.8685121107266436,0.9473346666666667,0.625,0.32233466666666666,4.0,1.0,3.0,0.05733333333333333,0.10908333333333332,-0.05174999999999999,0.08730847537320904,0.2267408246020479,-0.13943234922883885,/Users/alexis/phantom_cs073/bateria_fase8_f803_mismo_pico/A2-B0-C2-r14_s273187_f803_solap0,/Users/alexis/phantom_cs073/bateria_fase8_f803_mismo_pico/A2-B0-C2-r14_s273187_f803_disp2,6
A2-B0-C2-r14_s273187,A2-B0-C2-r14,273187,271828,250,solap1,disp0,12.632020309116575,8.06359670976506,4.568423599351515,4.568423599351515,0.08811179951646952,198.26485497372323,142.63471694294776,0.08555825242718447,0.2275485436893204,-0.14199029126213591,2.6595744680851063,1.0,1.6595744680851063,0.8865248226950354,0.0,0.8865248226950354,0.9477706666666667,0.625,0.32277066666666665,4.0,1.0,3.0,0.05641666666666667,0.11225,-0.05583333333333333,0.08520135008453905,0.22675794597305376,-0.1415565958885147,/Users/alexis/phantom_cs073/bateria_fase8_f803_mismo_pico/A2-B0-C2-r14_s273187_f803_solap1,/Users/alexis/phantom_cs073/bateria_fase8_f803_mismo_pico/A2-B0-C2-r14_s273187_f803_disp0,7
A2-B0-C2-r14_s273187,A2-B0-C2-r14,273187,271828,250,solap1,disp2,12.632020309116575,7.728453196672489,4.903567112444086,4.903567112444086,0.07731165313249821,199.16857651474254,130.52905807038343,0.08555825242718447,0.2275485436893204,-0.14199029126213591,2.6595744680851063,1.0,1.6595744680851063,0.8865248226950354,0.0,0.8865248226950354,0.9477706666666667,0.625,0.32277066666666665,4.0,1.0,3.0,0.05641666666666667,0.10908333333333332,-0.05266666666666665,0.08520135008453905,0.2267408246020479,-0.14153947451750884,/Users/alexis/phantom_cs073/bateria_fase8_f803_mismo_pico/A2-B0-C2-r14_s273187_f803_solap1,/Users/alexis/phantom_cs073/bateria_fase8_f803_mismo_pico/A2-B0-C2-r14_s273187_f803_disp2,8
A2-B0-C2-r17_s273478,A2-B0-C2-r17,273478,271828,181,solap0,disp1,16.868161764765087,12.9803784069726,3.887783357792488,3.887783357792488,-0.08488534883425114,-93.95516356173437,69.4569016234118,0.06192733017377567,0.17156398104265402,-0.10963665086887836,2.770408163265306,1.0,1.770408163265306,0.9183673469387755,0.0,0.9183673469387755,0.9635626151012892,0.7285,0.23506261510128912,4.0,1.0,3.0,0.038366666666666674,0.06876666666666667,-0.030399999999999996,0.061658692901477206,0.17087102466002344,-0.10921233175854622,/Users/alexis/phantom_cs073/bateria_fase8_f803_mismo_pico/A2-B0-C2-r17_s273478_f803_solap0,/Users/alexis/phantom_cs073/bateria_fase8_f803_mismo_pico/A2-B0-C2-r17_s273478_f803_disp1,0
A2-B0-C2-r17_s273478,A2-B0-C2-r17,273478,271828,181,solap2,disp1,17.157050077081394,12.9803784069726,4.176671670108794,4.176671670108794,-0.017334523687041248,-74.97949209613967,105.52127613321284,0.06413902053712481,0.17156398104265402,-0.10742496050552922,2.6748768472906406,1.0,1.6748768472906406,0.8719211822660099,0.0,0.8719211822660099,0.9628462246777164,0.7285,0.23434622467771637,4.0,1.0,3.0,0.04058333333333333,0.06876666666666667,-0.028183333333333338,0.06384135826039648,0.17087102466002344,-0.10702966639962695,/Users/alexis/phantom_cs073/bateria_fase8_f803_mismo_pico/A2-B0-C2-r17_s273478_f803_solap2,/Users/alexis/phantom_cs073/bateria_fase8_f803_mismo_pico/A2-B0-C2-r17_s273478_f803_disp1,1
A2-B0-C2-r17_s273478,A2-B0-C2-r17,273478,271828,181,solap0,disp2,16.868161764765087,12.273024382246183,4.595137382518905,4.595137382518905,0.01936900257226082,210.71392515520836,91.07867491156617,0.06192733017377567,0.17156398104265402,-0.10963665086887836,2.770408163265306,1.0,1.770408163265306,0.9183673469387755,0.0,0.9183673469387755,0.9635626151012892,0.7285,0.23506261510128912,4.0,1.0,3.0,0.038366666666666674,0.07236666666666666,-0.03399999999999999,0.061658692901477206,0.17089303674420844,-0.10923434384273123,/Users/alexis/phantom_cs073/bateria_fase8_f803_mismo_pico/A2-B0-C2-r17_s273478_f803_solap0,/Users/alexis/phantom_cs073/bateria_fase8_f803_mismo_pico/A2-B0-C2-r17_s273478_f803_disp2,2
A2-B0-C2-r17_s273478,A2-B0-C2-r17,273478,271828,181,solap0,disp0,16.868161764765087,12.107563669794601,4.7605980949704865,4.7605980949704865,-0.04274591847023679,-129.94922534000193,129.73983905792193,0.06192733017377567,0.1712480252764613,-0.10932069510268563,2.770408163265306,1.0018450184501846,1.7685631448151213,0.9183673469387755,0.0018450184501845018,0.916522328488591,0.9635626151012892,0.7304926335174954,0.23306998158379377,4.0,2.0,2.0,0.038366666666666674,0.07213333333333333,-0.03376666666666665,0.061658692901477206,0.1705641782030456,-0.10890548530156838,/Users/alexis/phantom_cs073/bateria_fase8_f803_mismo_pico/A2-B0-C2-r17_s273478_f803_solap0,/Users/alexis/phantom_cs073/bateria_fase8_f803_mismo_pico/A2-B0-C2-r17_s273478_f803_disp0,3
A2-B0-C2-r17_s273478,A2-B0-C2-r17,273478,271828,181,solap2,disp2,17.157050077081394,12.273024382246183,4.884025694835211,4.884025694835211,0.08691982771947071,229.68959662080306,127.14304942136721,0.06413902053712481,0.17156398104265402,-0.10742496050552922,2.6748768472906406,1.0,1.6748768472906406,0.8719211822660099,0.0,0.8719211822660099,0.9628462246777164,0.7285,0.23434622467771637,4.0,1.0,3.0,0.04058333333333333,0.07236666666666666,-0.03178333333333333,0.06384135826039648,0.17089303674420844,-0.10705167848381196,/Users/alexis/phantom_cs073/bateria_fase8_f803_mismo_pico/A2-B0-C2-r17_s273478_f803_solap2,/Users/alexis/phantom_cs073/bateria_fase8_f803_mismo_pico/A2-B0-C2-r17_s273478_f803_disp2,4
A2-B0-C2-r17_s273478,A2-B0-C2-r17,273478,271828,181,solap2,disp0,17.157050077081394,12.107563669794601,5.049486407286793,5.049486407286793,0.024804906676973104,-110.97355387440723,165.80421356772297,0.06413902053712481,0.1712480252764613,-0.10710900473933649,2.6748768472906406,1.0018450184501846,1.673031828840456,0.8719211822660099,0.0018450184501845018,0.8700761638158254,0.9628462246777164,0.7304926335174954,0.23235359116022103,4.0,2.0,2.0,0.04058333333333333,0.07213333333333333,-0.031549999999999995,0.06384135826039648,0.1705641782030456,-0.10672281994264911,/Users/alexis/phantom_cs073/bateria_fase8_f803_mismo_pico/A2-B0-C2-r17_s273478_f803_solap2,/Users/alexis/phantom_cs073/bateria_fase8_f803_mismo_pico/A2-B0-C2-r17_s273478_f803_disp0,5
A2-B0-C2-r17_s273478,A2-B0-C2-r17,273478,271828,181,solap1,disp1,19.592326772883574,12.9803784069726,6.611948365910974,6.611948365910974,-0.18729825722091675,-150.94277018119305,109.28539822057814,0.06540284360189573,0.17156398104265402,-0.1061611374407583,2.6231884057971016,1.0,1.6231884057971016,0.8647342995169082,0.0,0.8647342995169082,0.9613066298342542,0.7285,0.23280662983425415,4.0,1.0,3.0,0.03983333333333333,0.06876666666666667,-0.02893333333333334,0.06509038181731966,0.17087102466002344,-0.10578064284270378,/Users/alexis/phantom_cs073/bateria_fase8_f803_mismo_pico/A2-B0-C2-r17_s273478_f803_solap1,/Users/alexis/phantom_cs073/bateria_fase8_f803_mismo_pico/A2-B0-C2-r17_s273478_f803_disp1,6
A2-B0-C2-r17_s273478,A2-B0-C2-r17,273478,271828,181,solap1,disp2,19.592326772883574,12.273024382246183,7.319302390637391,7.319302390637391,-0.0830439058144048,153.72631853574967,130.90717150873252,0.06540284360189573,0.17156398104265402,-0.1061611374407583,2.6231884057971016,1.0,1.6231884057971016,0.8647342995169082,0.0,0.8647342995169082,0.9613066298342542,0.7285,0.23280662983425415,4.0,1.0,3.0,0.03983333333333333,0.07236666666666666,-0.03253333333333333,0.06509038181731966,0.17089303674420844,-0.10580265492688878,/Users/alexis/phantom_cs073/bateria_fase8_f803_mismo_pico/A2-B0-C2-r17_s273478_f803_solap1,/Users/alexis/phantom_cs073/bateria_fase8_f803_mismo_pico/A2-B0-C2-r17_s273478_f803_disp2,7
A2-B0-C2-r17_s273478,A2-B0-C2-r17,273478,271828,181,solap1,disp0,19.592326772883574,12.107563669794601,7.484763103088973,7.484763103088973,-0.1451588268569024,-186.93683195946062,169.56833565508828,0.06540284360189573,0.1712480252764613,-0.10584518167456557,2.6231884057971016,1.0018450184501846,1.621343387346917,0.8647342995169082,0.0018450184501845018,0.8628892810667237,0.9613066298342542,0.7304926335174954,0.2308139963167588,4.0,2.0,2.0,0.03983333333333333,0.07213333333333333,-0.032299999999999995,0.06509038181731966,0.1705641782030456,-0.10547379638572593,/Users/alexis/phantom_cs073/bateria_fase8_f803_mismo_pico/A2-B0-C2-r17_s273478_f803_solap1,/Users/alexis/phantom_cs073/bateria_fase8_f803_mismo_pico/A2-B0-C2-r17_s273478_f803_disp0,8
A2-B0-C2-r19_s273672,A2-B0-C2-r19,273672,271828,939,solap0,disp0,15.224907618689137,12.691987305040158,2.5329203136489795,2.5329203136489795,-0.17569943188614356,-158.625092311485,1.5131386988106215,0.27262843163903233,0.6800761076379451,-0.4074476759989128,2.8085742771684945,1.1258992805755397,1.6826749965929548,0.8604187437686939,0.12589928057553956,0.7345194631931543,0.8520441959531416,0.2761805111821086,0.575863684771033,6.0,2.0,4.0,0.1610809523809524,0.3577214285714286,-0.19664047619047617,0.27029868250860856,0.662984083313821,-0.3926854008052124,/Users/alexis/phantom_cs073/bateria_fase8_f803_mismo_pico/A2-B0-C2-r19_s273672_f803_solap0,/Users/alexis/phantom_cs073/bateria_fase8_f803_mismo_pico/A2-B0-C2-r19_s273672_f803_disp0,0
A2-B0-C2-r19_s273672,A2-B0-C2-r19,273672,271828,939,solap1,disp0,15.363845075672284,12.691987305040158,2.6718577706321263,2.6718577706321263,0.05364711381326437,49.37955891186334,10.510938398220446,0.2821418863821691,0.6800761076379451,-0.39793422125577604,2.713872832369942,1.1258992805755397,1.5879735517944025,0.8554913294797688,0.12589928057553956,0.7295920489042292,0.8445134895278665,0.2761805111821086,0.5683329783457579,6.0,2.0,4.0,0.16527142857142857,0.3577214285714286,-0.19245,0.2789747367592016,0.662984083313821,-0.3840093465546194,/Users/alexis/phantom_cs073/bateria_fase8_f803_mismo_pico/A2-B0-C2-r19_s273672_f803_solap1,/Users/alexis/phantom_cs073/bateria_fase8_f803_mismo_pico/A2-B0-C2-r19_s273672_f803_disp0,1
A2-B0-C2-r19_s273672,A2-B0-C2-r19,273672,271828,939,solap2,disp0,15.501585711056107,12.691987305040158,2.809598406015949,2.809598406015949,-0.06049016072537938,-140.70165205306012,43.04676261270555,0.2633867898885567,0.6800761076379451,-0.41668931774938844,2.9071207430340555,1.1258992805755397,1.7812214624585159,0.8802889576883385,0.12589928057553956,0.7543896771127989,0.854502484913028,0.2761805111821086,0.5783219737309194,6.0,2.0,4.0,0.1530857142857143,0.3577214285714286,-0.20463571428571428,0.2616208366121683,0.662984083313821,-0.4013632467016527,/Users/alexis/phantom_cs073/bateria_fase8_f803_mismo_pico/A2-B0-C2-r19_s273672_f803_solap2,/Users/alexis/phantom_cs073/bateria_fase8_f803_mismo_pico/A2-B0-C2-r19_s273672_f803_disp0,2
A2-B0-C2-r19_s273672,A2-B0-C2-r19,273672,271828,939,solap0,disp2,15.224907618689137,12.36147430472769,2.8634333139614476,2.8634333139614476,-0.21167676670623958,-69.53033798127865,31.0274206816448,0.27262843163903233,0.6836096765425387,-0.41098124490350635,2.8085742771684945,1.120079522862823,1.6884947543056714,0.8604187437686939,0.12007952286282306,0.7403392209058708,0.8520441959531416,0.27297603833865813,0.5790681576144835,6.0,2.0,4.0,0.1610809523809524,0.3571357142857142,-0.19605476190476182,0.27029868250860856,0.6564438371483318,-0.3861451546397232,/Users/alexis/phantom_cs073/bateria_fase8_f803_mismo_pico/A2-B0-C2-r19_s273672_f803_solap0,/Users/alexis/phantom_cs073/bateria_fase8_f803_mismo_pico/A2-B0-C2-r19_s273672_f803_disp2,3
A2-B0-C2-r19_s273672,A2-B0-C2-r19,273672,271828,939,solap1,disp2,15.363845075672284,12.36147430472769,3.0023707709445944,3.0023707709445944,0.01766977899316835,138.47431324206968,40.02522038105462,0.2821418863821691,0.6836096765425387,-0.4014677901603696,2.713872832369942,1.120079522862823,1.593793309507119,0.8554913294797688,0.12007952286282306,0.7354118066169457,0.8445134895278665,0.27297603833865813,0.5715374511892084,6.0,2.0,4.0,0.16527142857142857,0.3571357142857142,-0.19186428571428565,0.2789747367592016,0.6564438371483318,-0.3774691003891302,/Users/alexis/phantom_cs073/bateria_fase8_f803_mismo_pico/A2-B0-C2-r19_s273672_f803_solap1,/Users/alexis/phantom_cs073/bateria_fase8_f803_mismo_pico/A2-B0-C2-r19_s273672_f803_disp2,4
A2-B0-C2-r19_s273672,A2-B0-C2-r19,273672,271828,939,solap2,disp2,15.501585711056107,12.36147430472769,3.1401114063284172,3.1401114063284172,-0.0964674955454754,-51.60689772285377,72.56104459553973,0.2633867898885567,0.6836096765425387,-0.420222886653982,2.9071207430340555,1.120079522862823,1.7870412201712325,0.8802889576883385,0.12007952286282306,0.7602094348255154,0.854502484913028,0.27297603833865813,0.5815264465743699,6.0,2.0,4.0,0.1530857142857143,0.3571357142857142,-0.20404999999999993,0.2616208366121683,0.6564438371483318,-0.3948230005361635,/Users/alexis/phantom_cs073/bateria_fase8_f803_mismo_pico/A2-B0-C2-r19_s273672_f803_solap2,/Users/alexis/phantom_cs073/bateria_fase8_f803_mismo_pico/A2-B0-C2-r19_s273672_f803_disp2,5
A2-B0-C2-r19_s273672,A2-B0-C2-r19,273672,271828,939,solap0,disp1,15.224907618689137,11.721744814101768,3.503162804587369,3.503162804587369,-0.12382669165396898,113.56382776856447,28.914348890207577,0.27262843163903233,0.6855123674911661,-0.41288393585213373,2.8085742771684945,1.1169706582077716,1.6916036189607229,0.8604187437686939,0.11697065820777161,0.7434480855609222,0.8520441959531416,0.2699682286119986,0.5820759673411431,6.0,2.0,4.0,0.1610809523809524,0.3624904761904762,-0.2014095238095238,0.27029868250860856,0.6225369025479855,-0.352238220039377,/Users/alexis/phantom_cs073/bateria_fase8_f803_mismo_pico/A2-B0-C2-r19_s273672_f803_solap0,/Users/alexis/phantom_cs073/bateria_fase8_f803_mismo_pico/A2-B0-C2-r19_s273672_f803_disp1,6
A2-B0-C2-r19_s273672,A2-B0-C2-r19,273672,271828,939,solap1,disp1,15.363845075672284,11.721744814101768,3.6421002615705156,3.6421002615705156,0.10551985404543895,321.5684789919128,37.9121485896174,0.2821418863821691,0.6855123674911661,-0.403370481108997,2.713872832369942,1.1169706582077716,1.5969021741621705,0.8554913294797688,0.11697065820777161,0.7385206712719972,0.8445134895278665,0.2699682286119986,0.5745452609158679,6.0,2.0,4.0,0.16527142857142857,0.3624904761904762,-0.19721904761904763,0.2789747367592016,0.6225369025479855,-0.34356216578878396,/Users/alexis/phantom_cs073/bateria_fase8_f803_mismo_pico/A2-B0-C2-r19_s273672_f803_solap1,/Users/alexis/phantom_cs073/bateria_fase8_f803_mismo_pico/A2-B0-C2-r19_s273672_f803_disp1,7
A2-B0-C2-r19_s273672,A2-B0-C2-r19,273672,271828,939,solap2,disp1,15.501585711056107,11.721744814101768,3.7798408969543384,3.7798408969543384,-0.008617420493204797,131.48726802698934,70.4479728041025,0.2633867898885567,0.6855123674911661,-0.4221255776026094,2.9071207430340555,1.1169706582077716,1.790150084826284,0.8802889576883385,0.11697065820777161,0.7633182994805668,0.854502484913028,0.2699682286119986,0.5845342563010294,6.0,2.0,4.0,0.1530857142857143,0.3624904761904762,-0.2094047619047619,0.2616208366121683,0.6225369025479855,-0.36091606593581727,/Users/alexis/phantom_cs073/bateria_fase8_f803_mismo_pico/A2-B0-C2-r19_s273672_f803_solap2,/Users/alexis/phantom_cs073/bateria_fase8_f803_mismo_pico/A2-B0-C2-r19_s273672_f803_disp1,8
A2-B0-C2-r20_s373769,A2-B0-C2-r20,373769,371828,562,solap1,disp2,16.44297104727872,9.551327221973052,6.891643825305669,6.891643825305669,-0.022524653876492273,284.6019553660782,141.31585938214408,0.17026443604964922,0.4444144630329196,-0.2741500269832704,2.6719492868462758,1.02367941712204,1.6482698697242357,0.8700475435816165,0.023679417122040074,0.8463681264595765,0.8939051008303678,0.28704033214709374,0.606864768683274,5.0,2.0,3.0,0.10981666666666666,0.2205666666666667,-0.11075000000000003,0.16929282716814875,0.44242149805059466,-0.2731286708824459,/Users/alexis/phantom_cs073/bateria_fase8_f803_mismo_pico/A2-B0-C2-r20_s373769_f803_solap1,/Users/alexis/phantom_cs073/bateria_fase8_f803_mismo_pico/A2-B0-C2-r20_s373769_f803_disp2,0
A2-B0-C2-r20_s373769,A2-B0-C2-r20,373769,371828,562,solap1,disp0,16.44297104727872,8.287871721555284,8.155099325723437,8.155099325723437,0.0011699190051253083,308.67111151618917,167.16028590850414,0.17026443604964922,0.4452239611440907,-0.27495952509444144,2.6719492868462758,1.0218181818181817,1.650131105028094,0.8700475435816165,0.02181818181818182,0.8482293617634347,0.8939051008303678,0.2837046263345196,0.6102004744958482,5.0,2.0,3.0,0.10981666666666666,0.21911666666666668,-0.10930000000000002,0.16929282716814875,0.44357008908119855,-0.2742772619130498,/Users/alexis/phantom_cs073/bateria_fase8_f803_mismo_pico/A2-B0-C2-r20_s373769_f803_solap1,/Users/alexis/phantom_cs073/bateria_fase8_f803_mismo_pico/A2-B0-C2-r20_s373769_f803_disp0,1
A2-B0-C2-r20_s373769,A2-B0-C2-r20,373769,371828,562,solap0,disp2,17.788455052380456,9.551327221973052,8.237127830407404,8.237127830407404,-0.048984271418051506,362.77890823514815,175.86456264997588,0.1705342687533729,0.4444144630329196,-0.2738801942795467,2.6677215189873418,1.02367941712204,1.6440421018653018,0.8481012658227848,0.023679417122040074,0.8244218487007448,0.8950557532621589,0.28704033214709374,0.6080154211150652,5.0,2.0,3.0,0.1031,0.2205666666666667,-0.11746666666666669,0.16971304828243394,0.44242149805059466,-0.2727084497681607,/Users/alexis/phantom_cs073/bateria_fase8_f803_mismo_pico/A2-B0-C2-r20_s373769_f803_solap0,/Users/alexis/phantom_cs073/bateria_fase8_f803_mismo_pico/A2-B0-C2-r20_s373769_f803_disp2,2
A2-B0-C2-r20_s373769,A2-B0-C2-r20,373769,371828,562,solap1,disp1,16.44297104727872,8.024025302021373,8.418945745257348,8.418945745257348,-0.0241478811790099,360.2181209324143,177.89451834997857,0.17026443604964922,0.44333513221802484,-0.27307069616837565,2.6719492868462758,1.026171637248935,1.6457776495973409,0.8700475435816165,0.026171637248934874,0.8438759063326816,0.8939051008303678,0.2937431791221827,0.600161921708185,5.0,2.0,3.0,0.10981666666666666,0.21796666666666667,-0.10815000000000001,0.16929282716814875,0.4414434091068627,-0.27215058193871394,/Users/alexis/phantom_cs073/bateria_fase8_f803_mismo_pico/A2-B0-C2-r20_s373769_f803_solap1,/Users/alexis/phantom_cs073/bateria_fase8_f803_mismo_pico/A2-B0-C2-r20_s373769_f803_disp1,3
A2-B0-C2-r20_s373769,A2-B0-C2-r20,373769,371828,562,solap2,disp2,18.48578614717898,9.551327221973052,8.934458925205929,8.934458925205929,-0.06691608213020661,300.86894182208005,179.2161783747295,0.16621694549379384,0.4444144630329196,-0.27819751753912575,2.737012987012987,1.02367941712204,1.7133335698909469,0.8717532467532467,0.023679417122040074,0.8480738296312067,0.8978493475682088,0.28704033214709374,0.610809015421115,5.0,2.0,3.0,0.1038,0.2205666666666667,-0.11676666666666669,0.16527780973314088,0.44242149805059466,-0.2771436883174538,/Users/alexis/phantom_cs073/bateria_fase8_f803_mismo_pico/A2-B0-C2-r20_s373769_f803_solap2,/Users/alexis/phantom_cs073/bateria_fase8_f803_mismo_pico/A2-B0-C2-r20_s373769_f803_disp2,4
A2-B0-C2-r20_s373769,A2-B0-C2-r20,373769,371828,562,solap0,disp0,17.788455052380456,8.287871721555284,9.500583330825172,9.500583330825172,-0.025289698536433924,386.84806438525914,201.70898917633593,0.1705342687533729,0.4452239611440907,-0.2746896923907178,2.6677215189873418,1.0218181818181817,1.64590333716916,0.8481012658227848,0.02181818181818182,0.8262830840046029,0.8950557532621589,0.2837046263345196,0.6113511269276393,5.0,2.0,3.0,0.1031,0.21911666666666668,-0.11601666666666668,0.16971304828243394,0.44357008908119855,-0.2738570407987646,/Users/alexis/phantom_cs073/bateria_fase8_f803_mismo_pico/A2-B0-C2-r20_s373769_f803_solap0,/Users/alexis/phantom_cs073/bateria_fase8_f803_mismo_pico/A2-B0-C2-r20_s373769_f803_disp0,5
A2-B0-C2-r20_s373769,A2-B0-C2-r20,373769,371828,562,solap0,disp1,17.788455052380456,8.024025302021373,9.764429750359083,9.764429750359083,-0.05060749872056913,438.3950738014843,212.44322161781037,0.1705342687533729,0.44333513221802484,-0.27280086346465193,2.6677215189873418,1.026171637248935,1.6415498817384069,0.8481012658227848,0.026171637248934874,0.8219296285738499,0.8950557532621589,0.2937431791221827,0.6013125741399763,5.0,2.0,3.0,0.1031,0.21796666666666667,-0.11486666666666667,0.16971304828243394,0.4414434091068627,-0.27173036082442875,/Users/alexis/phantom_cs073/bateria_fase8_f803_mismo_pico/A2-B0-C2-r20_s373769_f803_solap0,/Users/alexis/phantom_cs073/bateria_fase8_f803_mismo_pico/A2-B0-C2-r20_s373769_f803_disp1,6
A2-B0-C2-r20_s373769,A2-B0-C2-r20,373769,371828,562,solap2,disp0,18.48578614717898,8.287871721555284,10.197914425623697,10.197914425623697,-0.04322150924858903,324.93809797219103,205.06060490108956,0.16621694549379384,0.4452239611440907,-0.27900701565029684,2.737012987012987,1.0218181818181817,1.7151948051948052,0.8717532467532467,0.02181818181818182,0.8499350649350649,0.8978493475682088,0.2837046263345196,0.6141447212336892,5.0,2.0,3.0,0.1038,0.21911666666666668,-0.11531666666666668,0.16527780973314088,0.44357008908119855,-0.27829227934805767,/Users/alexis/phantom_cs073/bateria_fase8_f803_mismo_pico/A2-B0-C2-r20_s373769_f803_solap2,/Users/alexis/phantom_cs073/bateria_fase8_f803_mismo_pico/A2-B0-C2-r20_s373769_f803_disp0,7
A2-B0-C2-r20_s373769,A2-B0-C2-r20,373769,371828,562,solap2,disp1,18.48578614717898,8.024025302021373,10.461760845157608,10.461760845157608,-0.06853930943272424,376.48510738841617,215.794837342564,0.16621694549379384,0.44333513221802484,-0.277118186724231,2.737012987012987,1.026171637248935,1.710841349764052,0.8717532467532467,0.026171637248934874,0.8455816095043118,0.8978493475682088,0.2937431791221827,0.604106168446026,5.0,2.0,3.0,0.1038,0.21796666666666667,-0.11416666666666667,0.16527780973314088,0.4414434091068627,-0.2761655993737218,/Users/alexis/phantom_cs073/bateria_fase8_f803_mismo_pico/A2-B0-C2-r20_s373769_f803_solap2,/Users/alexis/phantom_cs073/bateria_fase8_f803_mismo_pico/A2-B0-C2-r20_s373769_f803_disp1,8
A2-B0-C2-r28_s374545,A2-B0-C2-r28,374545,371828,1149,solap1,disp2,22.267117577676235,9.80796835781969,12.459149219856545,12.459149219856545,-0.11865134806222422,198.07548658184726,228.55588792154145,0.30782873068153027,0.7185203952368888,-0.41069166455535855,2.8345679012345677,1.215444287729196,1.6191236135053717,0.8617283950617284,0.21262341325811002,0.6491049818036183,0.8057886178861788,0.3069429939077459,0.49884562397843296,5.0,3.0,2.0,0.20043333333333332,0.32348333333333334,-0.12305000000000002,0.3060553762485952,0.2513329163994501,0.05472245984914509,/Users/alexis/phantom_cs073/bateria_fase8_f803_mismo_pico/A2-B0-C2-r28_s374545_f803_solap1,/Users/alexis/phantom_cs073/bateria_fase8_f803_mismo_pico/A2-B0-C2-r28_s374545_f803_disp2,0
A2-B0-C2-r28_s374545,A2-B0-C2-r28,374545,371828,1149,solap1,disp0,22.267117577676235,9.164336388172725,13.10278118950351,13.10278118950351,-0.22793623134727348,48.76238905089588,176.0658062052837,0.30782873068153027,0.7164935393970104,-0.40866480871548017,2.8345679012345677,1.2178217821782178,1.61674611905635,0.8617283950617284,0.21216407355021216,0.6495643215115162,0.8057886178861788,0.30378948896631824,0.5019991289198606,5.0,3.0,2.0,0.20043333333333332,0.32585000000000003,-0.1254166666666667,0.3060553762485952,0.20108544562039374,0.10496993062820145,/Users/alexis/phantom_cs073/bateria_fase8_f803_mismo_pico/A2-B0-C2-r28_s374545_f803_solap1,/Users/alexis/phantom_cs073/bateria_fase8_f803_mismo_pico/A2-B0-C2-r28_s374545_f803_disp0,1
A2-B0-C2-r28_s374545,A2-B0-C2-r28,374545,371828,1149,solap1,disp1,22.267117577676235,8.611492508765435,13.6556250689108,13.6556250689108,-0.24782144862316713,71.53065421858867,183.9379479214187,0.30782873068153027,0.7050924752976945,-0.3972637446161642,2.8345679012345677,1.2385914480776141,1.5959764531569536,0.8617283950617284,0.23463887890765361,0.6270895161540748,0.8057886178861788,0.31415854366115464,0.4916300742250242,5.0,3.0,2.0,0.20043333333333332,0.3250166666666667,-0.12458333333333335,0.3060553762485952,0.2820575693559114,0.02399780689268377,/Users/alexis/phantom_cs073/bateria_fase8_f803_mismo_pico/A2-B0-C2-r28_s374545_f803_solap1,/Users/alexis/phantom_cs073/bateria_fase8_f803_mismo_pico/A2-B0-C2-r28_s374545_f803_disp1,2
A2-B0-C2-r28_s374545,A2-B0-C2-r28,374545,371828,1149,solap2,disp2,25.583404294453576,9.80796835781969,15.775435936633887,15.775435936633887,-0.0355577139702854,471.56740308130554,313.3980122915544,0.30960222954142386,0.7185203952368888,-0.40891816569546496,2.818330605564648,1.215444287729196,1.6028863178354522,0.8657937806873978,0.21262341325811002,0.6531703674292877,0.8063980836236934,0.3069429939077459,0.4994550897159475,5.0,3.0,2.0,0.19453333333333334,0.32348333333333334,-0.12895,0.3074903383179035,0.2513329163994501,0.05615742191845341,/Users/alexis/phantom_cs073/bateria_fase8_f803_mismo_pico/A2-B0-C2-r28_s374545_f803_solap2,/Users/alexis/phantom_cs073/bateria_fase8_f803_mismo_pico/A2-B0-C2-r28_s374545_f803_disp2,3
A2-B0-C2-r28_s374545,A2-B0-C2-r28,374545,371828,1149,solap0,disp2,25.874868830118693,9.80796835781969,16.066900472299004,16.066900472299004,0.013141103869038773,707.503488358201,354.1629621084509,0.30098809222194073,0.7185203952368888,-0.4175323030149481,2.9015151515151514,1.215444287729196,1.6860708637859554,0.8846801346801347,0.21262341325811002,0.6720567214220248,0.8132740063823615,0.3069429939077459,0.5063310124746156,5.0,3.0,2.0,0.19030000000000002,0.32348333333333334,-0.13318333333333332,0.2991496654205081,0.2513329163994501,0.04781674902105798,/Users/alexis/phantom_cs073/bateria_fase8_f803_mismo_pico/A2-B0-C2-r28_s374545_f803_solap0,/Users/alexis/phantom_cs073/bateria_fase8_f803_mismo_pico/A2-B0-C2-r28_s374545_f803_disp2,4
A2-B0-C2-r28_s374545,A2-B0-C2-r28,374545,371828,1149,solap2,disp0,25.583404294453576,9.164336388172725,16.41906790628085,16.41906790628085,-0.14484259725533466,322.25430555035416,260.90793057529663,0.30960222954142386,0.7164935393970104,-0.4068913098555866,2.818330605564648,1.2178217821782178,1.6005088233864304,0.8657937806873978,0.21216407355021216,0.6536297071371856,0.8063980836236934,0.30378948896631824,0.5026085946573751,5.0,3.0,2.0,0.19453333333333334,0.32585000000000003,-0.1313166666666667,0.3074903383179035,0.20108544562039374,0.10640489269750977,/Users/alexis/phantom_cs073/bateria_fase8_f803_mismo_pico/A2-B0-C2-r28_s374545_f803_solap2,/Users/alexis/phantom_cs073/bateria_fase8_f803_mismo_pico/A2-B0-C2-r28_s374545_f803_disp0,5
A2-B0-C2-r28_s374545,A2-B0-C2-r28,374545,371828,1149,solap0,disp0,25.874868830118693,9.164336388172725,16.71053244194597,16.71053244194597,-0.09614377941601049,558.1903908272496,301.6728803921932,0.30098809222194073,0.7164935393970104,-0.4155054471750697,2.9015151515151514,1.2178217821782178,1.6836933693369336,0.8846801346801347,0.21216407355021216,0.6725160611299226,0.8132740063823615,0.30378948896631824,0.5094845174160432,5.0,3.0,2.0,0.19030000000000002,0.32585000000000003,-0.13555,0.2991496654205081,0.20108544562039374,0.09806421980011434,/Users/alexis/phantom_cs073/bateria_fase8_f803_mismo_pico/A2-B0-C2-r28_s374545_f803_solap0,/Users/alexis/phantom_cs073/bateria_fase8_f803_mismo_pico/A2-B0-C2-r28_s374545_f803_disp0,6
A2-B0-C2-r28_s374545,A2-B0-C2-r28,374545,371828,1149,solap2,disp1,25.583404294453576,8.611492508765435,16.971911785688143,16.971911785688143,-0.1647278145312283,345.02257071804695,268.7800722914316,0.30960222954142386,0.7050924752976945,-0.3954902457562706,2.818330605564648,1.2385914480776141,1.579739157487034,0.8657937806873978,0.23463887890765361,0.6311549017797442,0.8063980836236934,0.31415854366115464,0.4922395399625387,5.0,3.0,2.0,0.19453333333333334,0.3250166666666667,-0.13048333333333334,0.3074903383179035,0.2820575693559114,0.02543276896199209,/Users/alexis/phantom_cs073/bateria_fase8_f803_mismo_pico/A2-B0-C2-r28_s374545_f803_solap2,/Users/alexis/phantom_cs073/bateria_fase8_f803_mismo_pico/A2-B0-C2-r28_s374545_f803_disp1,7
A2-B0-C2-r28_s374545,A2-B0-C2-r28,374545,371828,1149,solap0,disp1,25.874868830118693,8.611492508765435,17.263376321353256,17.263376321353256,-0.11602899669190414,580.9586559949424,309.54502210832817,0.30098809222194073,0.7050924752976945,-0.40410438307575375,2.9015151515151514,1.2385914480776141,1.6629237034375373,0.8846801346801347,0.23463887890765361,0.6500412557724811,0.8132740063823615,0.31415854366115464,0.4991154627212068,5.0,3.0,2.0,0.19030000000000002,0.3250166666666667,-0.13471666666666665,0.2991496654205081,0.2820575693559114,0.017092096064596662,/Users/alexis/phantom_cs073/bateria_fase8_f803_mismo_pico/A2-B0-C2-r28_s374545_f803_solap0,/Users/alexis/phantom_cs073/bateria_fase8_f803_mismo_pico/A2-B0-C2-r28_s374545_f803_disp1,8
A2-B0-C2-r39_s375612,A2-B0-C2-r39,375612,371828,1100,solap0,disp2,17.958003547668692,8.818131033170355,9.139872514498338,9.139872514498338,-0.11410664818818006,202.75649609099196,165.68148517714798,0.29414646093558655,0.6985060004898359,-0.40435953955424936,2.7477102414654455,1.1570827489481066,1.590627492517339,0.835970024979184,0.15603085553997195,0.6799391694392121,0.8144024242424243,0.2463648484848485,0.5680375757575757,5.0,3.0,2.0,0.18380000000000002,0.32084999999999997,-0.13704999999999995,0.2922470721267474,0.3297437377214857,-0.0374966655947383,/Users/alexis/phantom_cs073/bateria_fase8_f803_mismo_pico/A2-B0-C2-r39_s375612_f803_solap0,/Users/alexis/phantom_cs073/bateria_fase8_f803_mismo_pico/A2-B0-C2-r39_s375612_f803_disp2,0
A2-B0-C2-r39_s375612,A2-B0-C2-r39,375612,371828,1100,solap0,disp0,17.958003547668692,8.31602320227304,9.641980345395652,9.641980345395652,-0.1568863533608429,233.61313319880264,155.67314190834088,0.29414646093558655,0.6933627234876316,-0.39921626255204506,2.7477102414654455,1.1646061462380783,1.5831040952273672,0.835970024979184,0.16178028965030025,0.6741897353288838,0.8144024242424243,0.24964801334546557,0.5647544108969587,5.0,3.0,2.0,0.18380000000000002,0.32445,-0.14065,0.2922470721267474,0.38383689376133473,-0.09158982163458734,/Users/alexis/phantom_cs073/bateria_fase8_f803_mismo_pico/A2-B0-C2-r39_s375612_f803_solap0,/Users/alexis/phantom_cs073/bateria_fase8_f803_mismo_pico/A2-B0-C2-r39_s375612_f803_disp0,1
A2-B0-C2-r39_s375612,A2-B0-C2-r39,375612,371828,1100,solap0,disp1,17.958003547668692,7.944151378257284,10.013852169411408,10.013852169411408,-0.06469779323498948,360.7130528956759,186.15804267266907,0.29414646093558655,0.6918932157727161,-0.39774675483712957,2.7477102414654455,1.168141592920354,1.5795686485450915,0.835970024979184,0.16707964601769912,0.668890378961485,0.8144024242424243,0.2507160606060606,0.5636863636363636,5.0,3.0,2.0,0.18380000000000002,0.3221833333333334,-0.13838333333333336,0.2922470721267474,0.40966281102345525,-0.11741573889670787,/Users/alexis/phantom_cs073/bateria_fase8_f803_mismo_pico/A2-B0-C2-r39_s375612_f803_solap0,/Users/alexis/phantom_cs073/bateria_fase8_f803_mismo_pico/A2-B0-C2-r39_s375612_f803_disp1,2
A2-B0-C2-r39_s375612,A2-B0-C2-r39,375612,371828,1100,solap1,disp2,26.14827584792298,8.818131033170355,17.33014481475263,17.33014481475263,0.037559528675663145,792.4207038864442,251.21192013843705,0.2909625275532697,0.6985060004898359,-0.40754347293656623,2.7777777777777777,1.1570827489481066,1.620695028829671,0.8543771043771043,0.15603085553997195,0.6983462488371324,0.8128381818181818,0.2463648484848485,0.5664733333333333,5.0,3.0,2.0,0.1811333333333333,0.32084999999999997,-0.13971666666666666,0.2887134273403176,0.3297437377214857,-0.04103031038116811,/Users/alexis/phantom_cs073/bateria_fase8_f803_mismo_pico/A2-B0-C2-r39_s375612_f803_solap1,/Users/alexis/phantom_cs073/bateria_fase8_f803_mismo_pico/A2-B0-C2-r39_s375612_f803_disp2,3
A2-B0-C2-r39_s375612,A2-B0-C2-r39,375612,371828,1100,solap1,disp0,26.14827584792298,8.31602320227304,17.83225264564994,17.83225264564994,-0.0052201764969996844,823.2773409942549,241.20357686962996,0.2909625275532697,0.6933627234876316,-0.40240019593436194,2.7777777777777777,1.1646061462380783,1.6131716315396993,0.8543771043771043,0.16178028965030025,0.6925968147268041,0.8128381818181818,0.24964801334546557,0.5631901684727162,5.0,3.0,2.0,0.1811333333333333,0.32445,-0.1433166666666667,0.2887134273403176,0.38383689376133473,-0.09512346642101716,/Users/alexis/phantom_cs073/bateria_fase8_f803_mismo_pico/A2-B0-C2-r39_s375612_f803_solap1,/Users/alexis/phantom_cs073/bateria_fase8_f803_mismo_pico/A2-B0-C2-r39_s375612_f803_disp0,4
A2-B0-C2-r39_s375612,A2-B0-C2-r39,375612,371828,1100,solap1,disp1,26.14827584792298,7.944151378257284,18.204124469665697,18.204124469665697,0.08696838362885373,950.3772606911282,271.68847763395814,0.2909625275532697,0.6918932157727161,-0.40093068821944644,2.7777777777777777,1.168141592920354,1.6096361848574237,0.8543771043771043,0.16707964601769912,0.6872974583594053,0.8128381818181818,0.2507160606060606,0.5621221212121212,5.0,3.0,2.0,0.1811333333333333,0.3221833333333334,-0.14105000000000006,0.2887134273403176,0.40966281102345525,-0.12094938368313768,/Users/alexis/phantom_cs073/bateria_fase8_f803_mismo_pico/A2-B0-C2-r39_s375612_f803_solap1,/Users/alexis/phantom_cs073/bateria_fase8_f803_mismo_pico/A2-B0-C2-r39_s375612_f803_disp1,5
A2-B0-C2-r39_s375612,A2-B0-C2-r39,375612,371828,1100,solap2,disp2,28.01231383357382,8.818131033170355,19.194182800403468,19.194182800403468,-0.12220329024466903,404.8406896541678,363.6957916575173,0.27945138378643153,0.6985060004898359,-0.4190546167034044,2.8895705521472395,1.1570827489481066,1.7324878031991329,0.8790534618755478,0.15603085553997195,0.7230226063355758,0.8210010615711253,0.2463648484848485,0.5746362130862768,5.0,3.0,2.0,0.18238333333333331,0.32084999999999997,-0.13846666666666665,0.2775036622222127,0.3297437377214857,-0.05224007549927301,/Users/alexis/phantom_cs073/bateria_fase8_f803_mismo_pico/A2-B0-C2-r39_s375612_f803_solap2,/Users/alexis/phantom_cs073/bateria_fase8_f803_mismo_pico/A2-B0-C2-r39_s375612_f803_disp2,6
A2-B0-C2-r39_s375612,A2-B0-C2-r39,375612,371828,1100,solap2,disp0,28.01231383357382,8.31602320227304,19.69629063130078,19.69629063130078,-0.16498299541733186,435.6973267619785,353.6874483887102,0.27945138378643153,0.6933627234876316,-0.4139113397012001,2.8895705521472395,1.1646061462380783,1.7249644059091611,0.8790534618755478,0.16178028965030025,0.7172731722252476,0.8210010615711253,0.24964801334546557,0.5713530482256597,5.0,3.0,2.0,0.18238333333333331,0.32445,-0.1420666666666667,0.2775036622222127,0.38383689376133473,-0.10633323153912205,/Users/alexis/phantom_cs073/bateria_fase8_f803_mismo_pico/A2-B0-C2-r39_s375612_f803_solap2,/Users/alexis/phantom_cs073/bateria_fase8_f803_mismo_pico/A2-B0-C2-r39_s375612_f803_disp0,7
A2-B0-C2-r39_s375612,A2-B0-C2-r39,375612,371828,1100,solap2,disp1,28.01231383357382,7.944151378257284,20.068162455316536,20.068162455316536,-0.07279443529147844,562.7972464588518,384.1723491530384,0.27945138378643153,0.6918932157727161,-0.4124418319862846,2.8895705521472395,1.168141592920354,1.7214289592268854,0.8790534618755478,0.16707964601769912,0.7119738158578487,0.8210010615711253,0.2507160606060606,0.5702850009650646,5.0,3.0,2.0,0.18238333333333331,0.3221833333333334,-0.13980000000000006,0.2775036622222127,0.40966281102345525,-0.13215914880124258,/Users/alexis/phantom_cs073/bateria_fase8_f803_mismo_pico/A2-B0-C2-r39_s375612_f803_solap2,/Users/alexis/phantom_cs073/bateria_fase8_f803_mismo_pico/A2-B0-C2-r39_s375612_f803_disp1,8
